编号	名称	等级限制	战役编号	主怪	战斗背景	位置0	位置1	位置2	位置3	位置4	位置5	位置6	位置7	位置8	战斗力	金币	君主经验	武将经验	英雄祭坛说明	点类型	坐标X	坐标Y	宝箱坐标	宝箱坐标	X轴反转(1=图片资源不反转，2=图片资源反转)	开启条件	士气	剧情文件编号
Id	Name	LevelLimit	Battle	Boss	Background	Pos0	Pos1	Pos2	Pos3	Pos4	Pos5	Pos6	Pos7	Pos8	FightForce	Gold	Xp	HeroXp	Desc	Type	Xaxis	Yaxis	boxX	boxY	flipX	Open	InitPower	Step
1	李儒	1	1	315001	1		315001								542	200	25	25		main	516	462			1		202	0
2	董卓	1	1	315001	1		315001								542	200	25	25		main	516	462			1		202	0
3	张角	1	1	315001	1		315001								542	200	25	25		main	516	462			1		202	0
4	吕布	1	1	315001	1		315001								542	200	25	25		main	516	462			1		202	0
5	袁术	1	1	315001	1		315001								542	200	25	25		main	516	462			1		202	0
6	袁绍	1	1	315001	1		315001								542	200	25	25		main	516	462			1		202	0
7	公孙渊	1	1	216001	1				216001						546	202	30	30		main	306	556			1		202	0
8	公孙瓒	1	1	216001	1				216001						546	202	30	30		main	306	556			1		202	0
9	蒯越	1	1	216001	1				216001						546	202	30	30		main	306	556			1		202	0
10	刘表	1	1	216001	1				216001						546	202	30	30		main	306	556			1		202	0
11	马超	1	1	216001	1				216001						546	202	30	30		main	306	556			1		202	0
12	马腾	1	1	216001	1				216001						546	202	30	30		main	306	556			1		202	0
13	祝融	1	1	315002	1					315002					542	204	35	35		box	133	694			1		204	0
14	孟获	1	1	315002	1					315002					542	204	35	35		box	133	694			1		204	0
15	周瑜	1	1	315002	1					315002					542	204	35	35		box	133	694			1		204	0
16	孙权	1	1	315002	1					315002					542	204	35	35		box	133	694			1		204	0
17	司马懿	1	1	315002	1					315002					542	204	35	35		box	133	694			1		204	0
18	曹操	1	1	315002	1					315002					542	204	35	35		box	133	694			1		204	0
19	徐荣	1	1	115003	1			115003							599	206	45	45		main	350	820			1		207	0
20	李蒙	1	1	115003	1			115003							599	206	45	45		main	350	820			1		207	0
21	李暹	1	1	115003	1			115003							599	206	45	45		main	350	820			1		207	0
22	攴胡赤儿	1	1	115003	1			115003							599	206	45	45		main	350	820			1		207	0
23	王允	1	1	115003	1			115003							599	206	45	45		main	350	820			1		207	0
24	李傕	1	1	115003	1			115003							599	206	45	45		main	350	820			1		207	0
25	胡轸	1	1	415004	1							415004			991	208	48	48		main	508	742			1		209	0
26	左灵	1	1	415004	1							415004			991	208	48	48		main	508	742			1		209	0
27	华雄	1	1	415004	1							415004			991	208	48	48		main	508	742			1		209	0
28	张济	1	1	415004	1							415004			991	208	48	48		main	508	742			1		209	0
29	段煨	1	1	415004	1							415004			991	208	48	48		main	508	742			1		209	0
30	李儒	1	1	415004	1							415004			991	208	48	48		main	508	742			1		209	0
31	樊稠	1	1	115005	1	115005									1304	210	50	50		main	668	836			1		212	10001
32	郭汜	1	1	115005	1	115005									1304	210	50	50		main	668	836			1		212	10001
33	董越	1	1	115005	1	115005									1304	210	50	50		main	668	836			1		212	10001
34	董承	1	1	115005	1	115005									1304	210	50	50		main	668	836			1		212	10001
35	牛辅	1	1	115005	1	115005									1304	210	50	50		main	668	836			1		212	10001
36	董旻	1	1	115005	1	115005									1304	210	50	50		main	668	836			1		212	10001
37	董璜	1	1	216005	1			216005							1333	212	50	50		main	538	930			1		212	0
38	董卓	1	1	216005	1			216005							1333	212	50	50		main	538	930			1		212	0
39	裴元绍	1	1	216005	1			216005							1333	212	50	50		main	538	930			1		212	0
40	邓茂	1	1	216005	1			216005							1333	212	50	50		main	538	930			1		212	0
41	程远志	1	1	216005	1			216005							1333	212	50	50		main	538	930			1		212	0
42	伏完	1	1	216005	1			216005							1333	212	50	50		main	538	930			1		212	0
43	周仓	1	1	417005	1		417005								1337	214	50	50		main	768	1062			1		212	0
44	张白骑	1	1	417005	1		417005								1337	214	50	50		main	768	1062			1		212	0
45	刘石	1	1	417005	1		417005								1337	214	50	50		main	768	1062			1		212	0
46	孙夏	1	1	417005	1		417005								1337	214	50	50		main	768	1062			1		212	0
47	张梁	1	1	417005	1		417005								1337	214	50	50		main	768	1062			1		212	0
48	笮融	1	1	417005	1		417005								1337	214	50	50		main	768	1062			1		212	0
49	高升	1	1	115006	1				115006	210002					1784	216	70	70		main	908	984			1		214	10002
50	李乐	1	1	115006	1				115006	210002					1784	216	70	70		main	908	984			1		214	10002
51	彭脱	1	1	115006	1				115006	210002					1784	216	70	70		main	908	984			1		214	10002
52	赵媛姜	1	1	115006	1				115006	210002					1784	216	70	70		main	908	984			1		214	10002
53	张宝	1	1	115006	1				115006	210002					1784	216	70	70		main	908	984			1		214	10002
54	卞喜	1	1	115006	1				115006	210002					1784	216	70	70		main	908	984			1		214	10002
55	何仪	1	1	116006	1			111002					116006		1777	218	90	90		box	1194	1130			1		214	10003
56	郭太	1	1	116006	1			111002					116006		1777	218	90	90		box	1194	1130			1		214	10003
57	管亥	1	1	116006	1			111002					116006		1777	218	90	90		box	1194	1130			1		214	10003
58	张角	1	1	116006	1			111002					116006		1777	218	90	90		box	1194	1130			1		214	10003
59	郝萌	1	1	116006	1			111002					116006		1777	218	90	90		box	1194	1130			1		214	10003
60	高顺	1	1	116006	1			111002					116006		1777	218	90	90		box	1194	1130			1		214	10003
61	许汜	1	1	115007	1		115007						210003		1897	220	100	100		main	1402	1018			1		216	0
62	魏续	1	1	115007	1		115007						210003		1897	220	100	100		main	1402	1018			1		216	0
63	成廉	1	1	115007	1		115007						210003		1897	220	100	100		main	1402	1018			1		216	0
64	薛兰	1	1	115007	1		115007						210003		1897	220	100	100		main	1402	1018			1		216	0
65	李封	1	1	115007	1		115007						210003		1897	220	100	100		main	1402	1018			1		216	0
66	刘何	1	1	115007	1		115007						210003		1897	220	100	100		main	1402	1018			1		216	0
67	王楷	1	1	416007	1	416007				111003					1885	222	110	110		main	1168	860			1		216	0
68	王贺	1	1	416007	1	416007				111003					1885	222	110	110		main	1168	860			1		216	0
69	纶直	1	1	416007	1	416007				111003					1885	222	110	110		main	1168	860			1		216	0
70	侯成	1	1	416007	1	416007				111003					1885	222	110	110		main	1168	860			1		216	0
71	骆俊	1	1	416007	1	416007				111003					1885	222	110	110		main	1168	860			1		216	0
72	宋宪	1	1	416007	1	416007				111003					1885	222	110	110		main	1168	860			1		216	0
73	李封	1	1	115008	1			115008	210004						2303	224	120	120		main	1360	736			1		219	0
74	魏越	1	1	115008	1			115008	210004						2303	224	120	120		main	1360	736			1		219	0
75	吕玲绮	1	1	115008	1			115008	210004						2303	224	120	120		main	1360	736			1		219	0
76	张辽	1	1	115008	1			115008	210004						2303	224	120	120		main	1360	736			1		219	0
77	严氏	1	1	115008	1			115008	210004						2303	224	120	120		main	1360	736			1		219	0
78	吕布	1	1	115008	1			115008	210004						2303	224	120	120		main	1360	736			1		219	0
79	舒邵	1	1	316008	1					316008		111004			2315	226	130	130		main	1158	620			1		219	0
80	苟闻建	1	1	316008	1					316008		111004			2315	226	130	130		main	1158	620			1		219	0
81	陶丘洪	1	1	316008	1					316008		111004			2315	226	130	130		main	1158	620			1		219	0
82	韩胤	1	1	316008	1					316008		111004			2315	226	130	130		main	1158	620			1		219	0
83	俞涉	1	1	316008	1					316008		111004			2315	226	130	130		main	1158	620			1		219	0
84	苌奴	1	1	316008	1					316008		111004			2315	226	130	130		main	1158	620			1		219	0
85	诸葛玄	1	1	215009	1		310005				215009				2700	228	135	135		box	994	718			1		221	0
86	惠衢	1	1	215009	1		310005				215009				2700	228	135	135		box	994	718			1		221	0
87	陈纪	1	1	215009	1		310005				215009				2700	228	135	135		box	994	718			1		221	0
88	刘珐	1	1	215009	1		310005				215009				2700	228	135	135		box	994	718			1		221	0
89	郑浑	1	1	215009	1		310005				215009				2700	228	135	135		box	994	718			1		221	0
90	郑泰	1	1	215009	1		310005				215009				2700	228	135	135		box	994	718			1		221	0
91	桥蕤	1	1	415010	1				110006	415010					2781	230	140	140		main	752	586			1		224	0
92	张天昊	1	1	415010	1				110006	415010					2781	230	140	140		main	752	586			1		224	0
93	李丰	1	1	415010	1				110006	415010					2781	230	140	140		main	752	586			1		224	0
94	纪灵	1	1	415010	1				110006	415010					2781	230	140	140		main	752	586			1		224	0
95	袁耀	1	1	415010	1				110006	415010					2781	230	140	140		main	752	586			1		224	0
96	袁法	1	1	415010	1				110006	415010					2781	230	140	140		main	752	586			1		224	0
97	冯氏	1	1	316010	1					316010			311006		2857	232	145	145		main	956	466			1		224	0
98	袁术	1	1	316010	1					316010			311006		2857	232	145	145		main	956	466			1		224	0
99	岑壁	1	1	316010	1					316010			311006		2857	232	145	145		main	956	466			1		224	0
100	陈琳	1	1	316010	1					316010			311006		2857	232	145	145		main	956	466			1		224	0
101	周昂	1	1	316010	1					316010			311006		2857	232	145	145		main	956	466			1		224	0
102	冯礼	1	1	316010	1					316010			311006		2857	232	145	145		main	956	466			1		224	0
103	公孙犊	1	1	315011	1				315011				410011		3257	234	150	150		main	1134	364			1		226	0
104	高平	1	1	315011	1				315011				410011		3257	234	150	150		main	1134	364			1		226	0
105	沮授	1	1	315011	1				315011				410011		3257	234	150	150		main	1134	364			1		226	0
106	袁遗	1	1	315011	1				315011				410011		3257	234	150	150		main	1134	364			1		226	0
107	韩猛	1	1	315011	1				315011				410011		3257	234	150	150		main	1134	364			1		226	0
108	韩琼	1	1	315011	1				315011				410011		3257	234	150	150		main	1134	364			1		226	0
109	蒋奇	1	1	415012	1		415012							310012	3331	236	155	155		main	1346	474			1		228	0
110	焦触	1	1	415012	1		415012							310012	3331	236	155	155		main	1346	474			1		228	0
111	夏昭	1	1	415012	1		415012							310012	3331	236	155	155		main	1346	474			1		228	0
112	高柔	1	1	415012	1		415012							310012	3331	236	155	155		main	1346	474			1		228	0
113	辛明	1	1	415012	1		415012							310012	3331	236	155	155		main	1346	474			1		228	0
114	袁谭	1	1	415012	1		415012							310012	3331	236	155	155		main	1346	474			1		228	0
115	袁熙	1	1	315013	1				210013				315013		3236	238	160	160		main	1562	342			1		231	0
116	袁尚	1	1	315013	1				210013				315013		3236	238	160	160		main	1562	342			1		231	0
117	刘氏	1	1	315013	1				210013				315013		3236	238	160	160		main	1562	342			1		231	0
118	袁绍	1	1	315013	1				210013				315013		3236	238	160	160		main	1562	342			1		231	0
119	乐何当	1	1	315013	1				210013				315013		3236	238	160	160		main	1562	342			1		231	0
120	李移子	1	1	315013	1				210013				315013		3236	238	160	160		main	1562	342			1		231	0
121	刘纬台	1	1	315013	1				210013				315013		3236	238	160	160		main	1562	342			1		231	0
122	乐白	1	1	315013	1				210013				315013		3236	238	160	160		main	1562	342			1		231	0
123	郭铄	1	1	315013	1				210013				315013		3236	238	160	160		main	1562	342			1		231	0
124	张卿	1	1	315013	1				210013				315013		3236	238	160	160		main	1562	342			1		231	0
125	季雍	1	2	216013	2			111013					216013		3231	240	165	165		main	100	956			1		231	0
126	范方	1	2	216013	2			111013					216013		3231	240	165	165		main	100	956			1		231	0
127	文则	1	2	216013	2			111013					216013		3231	240	165	165		main	100	956			1		231	0
128	田豫	1	2	216013	2			111013					216013		3231	240	165	165		main	100	956			1		231	0
129	关靖	1	2	216013	2			111013					216013		3231	240	165	165		main	100	956			1		231	0
130	邹丹	1	2	216013	2			111013					216013		3231	240	165	165		main	100	956			1		231	0
131	单经	1	2	216013	2			111013					216013		3231	240	165	165		main	100	956			1		231	0
132	田楷	1	2	216013	2			111013					216013		3231	240	165	165		main	100	956			1		231	0
133	严纲	1	2	216013	2			111013					216013		3231	240	165	165		main	100	956			1		231	0
134	公孙范	1	2	216013	2			111013					216013		3231	240	165	165		main	100	956			1		231	0
135	公孙越	1	2	117013	2				117013	212013					3245	242	170	170		main	306	861			1		231	0
136	公孙续	1	2	117013	2				117013	212013					3245	242	170	170		main	306	861			1		231	0
137	候氏	1	2	117013	2				117013	212013					3245	242	170	170		main	306	861			1		231	0
138	公孙瓒	1	2	117013	2				117013	212013					3245	242	170	170		main	306	861			1		231	0
139	陈应	1	2	117013	2				117013	212013					3245	242	170	170		main	306	861			1		231	0
140	鲍隆	1	2	117013	2				117013	212013					3245	242	170	170		main	306	861			1		231	0
141	宋忠	1	2	117013	2				117013	212013					3245	242	170	170		main	306	861			1		231	0
142	王威	1	2	117013	2				117013	212013					3245	242	170	170		main	306	861			1		231	0
143	傅巽	1	2	117013	2				117013	212013					3245	242	170	170		main	306	861			1		231	0
144	韩嵩	1	2	117013	2				117013	212013					3245	242	170	170		main	306	861			1		231	0
145	张允	1	2	315014	2			310014			315014				3646	244	175	175		main	156	776			1		233	0
146	刘磐	1	2	315014	2			310014			315014				3646	244	175	175		main	156	776			1		233	0
147	李珪	1	2	315014	2			310014			315014				3646	244	175	175		main	156	776			1		233	0
148	蒯越	1	2	315014	2			310014			315014				3646	244	175	175		main	156	776			1		233	0
149	杨龄	1	2	315014	2			310014			315014				3646	244	175	175		main	156	776			1		233	0
150	韩玄	1	2	315014	2			310014			315014				3646	244	175	175		main	156	776			1		233	0
151	刘度	1	2	315014	2			310014			315014				3646	244	175	175		main	156	776			1		233	0
152	刘贤	1	2	315014	2			310014			315014				3646	244	175	175		main	156	776			1		233	0
153	赵范	1	2	315014	2			310014			315014				3646	244	175	175		main	156	776			1		233	0
154	刘修	1	2	315014	2			310014			315014				3646	244	175	175		main	156	776			1		233	0
155	刘琮	1	2	116014	2	116014			311014						3642	246	180	180		main	302	662			1		233	0
156	刘琦	1	2	116014	2	116014			311014						3642	246	180	180		main	302	662			1		233	0
157	蔡氏	1	2	116014	2	116014			311014						3642	246	180	180		main	302	662			1		233	0
158	刘表	1	2	116014	2	116014			311014						3642	246	180	180		main	302	662			1		233	0
159	庞柔	1	2	116014	2	116014			311014						3642	246	180	180		main	302	662			1		233	0
160	庞隽	1	2	116014	2	116014			311014						3642	246	180	180		main	302	662			1		233	0
161	马援	1	2	116014	2	116014			311014						3642	246	180	180		main	302	662			1		233	0
162	宋建	1	2	116014	2	116014			311014						3642	246	180	180		main	302	662			1		233	0
163	柏亥	1	2	116014	2	116014			311014						3642	246	180	180		main	302	662			1		233	0
164	马肃	1	2	116014	2	116014			311014						3642	246	180	180		main	302	662			1		233	0
165	戴勇	1	2	217014	2		217014							212014	3670	248	185	185		box	494	563			1		233	0
166	杨松	1	2	217014	2		217014							212014	3670	248	185	185		box	494	563			1		233	0
167	杨柏	1	2	217014	2		217014							212014	3670	248	185	185		box	494	563			1		233	0
168	黄奎	1	2	217014	2		217014							212014	3670	248	185	185		box	494	563			1		233	0
169	马岱	1	2	217014	2		217014							212014	3670	248	185	185		box	494	563			1		233	0
170	刘婕	1	2	217014	2		217014							212014	3670	248	185	185		box	494	563			1		233	0
171	梁兴	1	2	217014	2		217014							212014	3670	248	185	185		box	494	563			1		233	0
172	毛绥	1	2	217014	2		217014							212014	3670	248	185	185		box	494	563			1		233	0
173	马铁	1	2	217014	2		217014							212014	3670	248	185	185		box	494	563			1		233	0
174	李堪	1	2	217014	2		217014							212014	3670	248	185	185		box	494	563			1		233	0
175	许临	1	2	315015	2	310015								315015	3624	250	190	190		main	682	458			1		236	0
176	马休	1	2	315015	2	310015								315015	3624	250	190	190		main	682	458			1		236	0
177	程氏	1	2	315015	2	310015								315015	3624	250	190	190		main	682	458			1		236	0
178	马腾	1	2	315015	2	310015								315015	3624	250	190	190		main	682	458			1		236	0
179	天山大王	1	2	315015	2	310015								315015	3624	250	190	190		main	682	458			1		236	0
180	黄草洞主	1	2	315015	2	310015								315015	3624	250	190	190		main	682	458			1		236	0
181	红砂洞主	1	2	315015	2	310015								315015	3624	250	190	190		main	682	458			1		236	0
182	碧水洞主	1	2	315015	2	310015								315015	3624	250	190	190		main	682	458			1		236	0
183	镇山大王	1	2	315015	2	310015								315015	3624	250	190	190		main	682	458			1		236	0
184	蜈蚣洞主	1	2	315015	2	310015								315015	3624	250	190	190		main	682	458			1		236	0
185	清峰大王	1	2	116015	2			116015						511015	3577	252	195	195		main	866	358			1		236	0
186	鹭江洞主	1	2	116015	2			116015						511015	3577	252	195	195		main	866	358			1		236	0
187	天魔洞主	1	2	116015	2			116015						511015	3577	252	195	195		main	866	358			1		236	0
188	飞龙洞主	1	2	116015	2			116015						511015	3577	252	195	195		main	866	358			1		236	0
189	蝶仔洞主	1	2	116015	2			116015						511015	3577	252	195	195		main	866	358			1		236	0
190	阿力赤	1	2	116015	2			116015						511015	3577	252	195	195		main	866	358			1		236	0
191	伽蓝洞主	1	2	116015	2			116015						511015	3577	252	195	195		main	866	358			1		236	0
192	车鹿会	1	2	116015	2			116015						511015	3577	252	195	195		main	866	358			1		236	0
193	忙笛安	1	2	116015	2			116015						511015	3577	252	195	195		main	866	358			1		236	0
194	杨朵	1	2	116015	2			116015						511015	3577	252	195	195		main	866	358			1		236	0
195	杨锋	1	2	217015	2						217015		412015		3582	254	200	200		main	1047	437			1		236	0
196	沙摩柯	1	2	217015	2						217015		412015		3582	254	200	200		main	1047	437			1		236	0
197	带来洞主	1	2	217015	2						217015		412015		3582	254	200	200		main	1047	437			1		236	0
198	孟获	1	2	217015	2						217015		412015		3582	254	200	200		main	1047	437			1		236	0
199	朱然	1	2	217015	2						217015		412015		3582	254	200	200		main	1047	437			1		236	0
200	麋芳	1	2	217015	2						217015		412015		3582	254	200	200		main	1047	437			1		236	0
201	蒋钦	1	2	217015	2						217015		412015		3582	254	200	200		main	1047	437			1		236	0
202	朱桓	1	2	217015	2						217015		412015		3582	254	200	200		main	1047	437			1		236	0
203	程普	1	2	217015	2						217015		412015		3582	254	200	200		main	1047	437			1		236	0
204	韩当	1	2	217015	2						217015		412015		3582	254	200	200		main	1047	437			1		236	0
205	董袭	1	2	315016	2		210016	110002	315016						4176	256	205	205		main	936	488			1		238	0
206	徐盛	1	2	315016	2		210016	110002	315016						4176	256	205	205		main	936	488			1		238	0
207	贺齐	1	2	315016	2		210016	110002	315016						4176	256	205	205		main	936	488			1		238	0
208	张承	1	2	315016	2		210016	110002	315016						4176	256	205	205		main	936	488			1		238	0
209	孙皎	1	2	315016	2		210016	110002	315016						4176	256	205	205		main	936	488			1		238	0
210	宋谦	1	2	315016	2		210016	110002	315016						4176	256	205	205		main	936	488			1		238	0
211	大乔	1	2	315016	2		210016	110002	315016						4176	256	205	205		main	936	488			1		238	0
212	孙策	1	2	315016	2		210016	110002	315016						4176	256	205	205		main	936	488			1		238	0
213	徐琨	1	2	315016	2		210016	110002	315016						4176	256	205	205		main	936	488			1		238	0
214	鲁肃	1	2	315016	2		210016	110002	315016						4176	256	205	205		main	936	488			1		238	0
215	小乔	1	2	416016	2	416016			111016			311004			4562	258	210	210		main	1158	577			1		238	0
216	周瑜	1	2	416016	2	416016			111016			311004			4562	258	210	210		main	1158	577			1		238	0
217	袁夫人	1	2	416016	2	416016			111016			311004			4562	258	210	210		main	1158	577			1		238	0
218	孙权	1	2	416016	2	416016			111016			311004			4562	258	210	210		main	1158	577			1		238	0
219	于禁	1	2	416016	2	416016			111016			311004			4562	258	210	210		main	1158	577			1		238	0
220	乐进	1	2	416016	2	416016			111016			311004			4562	258	210	210		main	1158	577			1		238	0
221	赵姬	1	2	416016	2	416016			111016			311004			4562	258	210	210		main	1158	577			1		238	0
222	荀攸	1	2	416016	2	416016			111016			311004			4562	258	210	210		main	1158	577			1		238	0
223	曹真	1	2	416016	2	416016			111016			311004			4562	258	210	210		main	1158	577			1		238	0
224	蔡瑁	1	2	416016	2	416016			111016			311004			4562	258	210	210		main	1158	577			1		238	0
225	夏侯渊	1	2	217016	2	212016	217016	212006							4951	260	215	215		main	1252	667			1		238	0
226	郭嘉	1	2	217016	2	212016	217016	212006							4951	260	215	215		main	1252	667			1		238	0
227	夏侯玄	1	2	217016	2	212016	217016	212006							4951	260	215	215		main	1252	667			1		238	0
228	邓艾	1	2	217016	2	212016	217016	212006							4951	260	215	215		main	1252	667			1		238	0
229	刘烨	1	2	217016	2	212016	217016	212006							4951	260	215	215		main	1252	667			1		238	0
230	贾诩	1	2	217016	2	212016	217016	212006							4951	260	215	215		main	1252	667			1		238	0
231	夏侯惠	1	2	217016	2	212016	217016	212006							4951	260	215	215		main	1252	667			1		238	0
232	秦夫人	1	2	217016	2	212016	217016	212006							4951	260	215	215		main	1252	667			1		238	0
233	夏侯尚	1	2	217016	2	212016	217016	212006							4951	260	215	215		main	1252	667			1		238	0
234	荀彧	1	2	217016	2	212016	217016	212006							4951	260	215	215		main	1252	667			1		238	0
235	张郃	1	2	315017	2			410017				510008	315017		4983	262	220	220		main	1420	807			1		240	0
236	王昭仪	1	2	315017	2			410017				510008	315017		4983	262	220	220		main	1420	807			1		240	0
237	典韦	1	2	315017	2			410017				510008	315017		4983	262	220	220		main	1420	807			1		240	0
238	曹操	1	2	315017	2			410017				510008	315017		4983	262	220	220		main	1420	807			1		240	0
239	张雷公	1	2	315017	2			410017				510008	315017		4983	262	220	220		main	1420	807			1		240	0
240	于毒	1	2	315017	2			410017				510008	315017		4983	262	220	220		main	1420	807			1		240	0
241	张燕	1	2	315017	2			410017				510008	315017		4983	262	220	220		main	1420	807			1		240	0
242	赵弘	1	2	315017	2			410017				510008	315017		4983	262	220	220		main	1420	807			1		240	0
243	韩忠	1	2	315017	2			410017				510008	315017		4983	262	220	220		main	1420	807			1		240	0
244	白绕	1	2	315017	2			410017				510008	315017		4983	262	220	220		main	1420	807			1		240	0
245	波才	1	2	116017	2	116017	211017					511010			5301	264	225	225		box	1430	985			1		240	0
246	杨凤	1	2	116017	2	116017	211017					511010			5301	264	225	225		box	1430	985			1		240	0
247	左髭丈八	1	2	116017	2	116017	211017					511010			5301	264	225	225		box	1430	985			1		240	0
248	孙康	1	2	116017	2	116017	211017					511010			5301	264	225	225		box	1430	985			1		240	0
249	孙观	1	2	116017	2	116017	211017					511010			5301	264	225	225		box	1430	985			1		240	0
250	吴敦	1	2	116017	2	116017	211017					511010			5301	264	225	225		box	1430	985			1		240	0
251	尹礼	1	2	116017	2	116017	211017					511010			5301	264	225	225		box	1430	985			1		240	0
252	臧霸	1	2	116017	2	116017	211017					511010			5301	264	225	225		box	1430	985			1		240	0
253	昌豨	1	2	116017	2	116017	211017					511010			5301	264	225	225		box	1430	985			1		240	0
254	李春香	1	2	116017	2	116017	211017					511010			5301	264	225	225		box	1430	985			1		240	0
255	金尚	1	2	517017	2	517017			212017	112011					5374	266	230	230		main	1630	910			1		240	0
256	韩暹	1	2	517017	2	517017			212017	112011					5374	266	230	230		main	1630	910			1		240	0
257	张勋	1	2	517017	2	517017			212017	112011					5374	266	230	230	0	main	1630	910			1		240	0
258	韩定	1	2	517017	2	517017			212017	112011					5374	266	230	230	0	main	1630	910			1		240	0
259	张炯	1	2	517017	2	517017			212017	112011					5374	266	230	230	0	main	1630	910			1		240	0
260	刘祥	1	2	517017	2	517017			212017	112011					5374	266	230	230	0	main	1630	910			1		240	0
261	袁凯	1	2	517017	2	517017			212017	112011					5374	266	230	230	0	main	1630	910			1		240	0
262	高干	1	2	517017	2	517017			212017	112011					5374	266	230	230	0	main	1630	910			1		240	0
263	张旭	1	2	517017	2	517017			212017	112011					5374	266	230	230	0	main	1630	910			1		240	0
264	吕威璜	1	2	517017	2	517017			212017	112011					5374	266	230	230	0	main	1630	910			1		240	0
265	审配	18	2	115018	2		115018	110018	310012						5864	268	235	235		main	1620	742			1		243	0
266	审荣	18	2	115018	2		115018	110018	310012						5864	268	235	235		main	1620	742			1		243	0
267	蒋义渠	18	2	115018	2		115018	110018	310012						5864	268	235	235	0	main	1620	742			1		243	0
268	白马义从	18	2	115018	2		115018	110018	310012						5864	268	235	235	0	main	1620	742			1		243	0
269	邹丹	18	2	115018	2		115018	110018	310012						5864	268	235	235	0	main	1620	742			1		243	0
270	郭昕	18	2	115018	2		115018	110018	310012						5864	268	235	235	0	main	1620	742			1		243	0
271	王门	18	2	115018	2		115018	110018	310012						5864	268	235	235	0	main	1620	742			1		243	0
272	宿舒	18	2	115018	2		115018	110018	310012						5864	268	235	235	0	main	1620	742			1		243	0
273	孙综	18	2	115018	2		115018	110018	310012						5864	268	235	235	0	main	1620	742			1		243	0
274	金旋	18	2	115018	2		115018	110018	310012						5864	268	235	235	0	main	1620	742			1		243	0
275	巩志	18	2	116018	2	111018				511013				116018	5772	270	240	240		main	1804	626			1		243	0
276	伊籍	18	2	116018	2	111018				511013				116018	5772	270	240	240		main	1804	626			1		243	0
277	邓羲	18	2	116018	2	111018				511013				116018	5772	270	240	240	0	main	1804	626			1		243	0
278	王粲	18	2	116018	2	111018				511013				116018	5772	270	240	240	0	main	1804	626			1		243	0
279	张怿	18	2	116018	2	111018				511013				116018	5772	270	240	240	0	main	1804	626			1		243	0
280	张羡	18	2	116018	2	111018				511013				116018	5772	270	240	240	0	main	1804	626			1		243	0
281	苏代	18	2	116018	2	111018				511013				116018	5772	270	240	240	0	main	1804	626			1		243	0
282	贝羽	18	2	116018	2	111018				511013				116018	5772	270	240	240	0	main	1804	626			1		243	0
283	张横	18	2	116018	2	111018				511013				116018	5772	270	240	240	0	main	1804	626			1		243	0
284	成宜	18	2	116018	2	111018				511013				116018	5772	270	240	240	0	main	1804	626			1		243	0
285	杨秋	19	2	215019	2				310019		215019		410014		6029	272	245	245		main	1648	529			1		245	0
286	阎行	19	2	215019	2				310019		215019		410014		6029	272	245	245		main	1648	529			1		245	0
287	成公英	19	2	215019	2				310019		215019		410014		6029	272	245	245	0	main	1648	529			1		245	0
288	边章	19	2	215019	2				310019		215019		410014		6029	272	245	245	0	main	1648	529			1		245	0
289	阿六敦	19	2	215019	2				310019		215019		410014		6029	272	245	245	0	main	1648	529			1		245	0
290	水鹰大王	19	2	215019	2				310019		215019		410014		6029	272	245	245	0	main	1648	529			1		245	0
291	雷鸣大王	19	2	215019	2				310019		215019		410014		6029	272	245	245	0	main	1648	529			1		245	0
292	寿山洞主	19	2	215019	2				310019		215019		410014		6029	272	245	245	0	main	1648	529			1		245	0
293	水晶洞主	19	2	215019	2				310019		215019		410014		6029	272	245	245	0	main	1648	529			1		245	0
294	雷万兴	19	2	215019	2				310019		215019		410014		6029	272	245	245	0	main	1648	529			1		245	0
295	蓝凤高	19	2	216019	2	111019		211015		216019					6085	274	250	250		box	1806	431			1		245	0
296	诸葛建	19	2	216019	2	111019		211015		216019					6085	274	250	250		box	1806	431			1		245	0
297	诸葛竦	19	2	216019	2	111019		211015		216019					6085	274	250	250	0	box	1806	431			1		245	0
298	诸葛绰	19	2	216019	2	111019		211015		216019					6085	274	250	250	0	box	1806	431			1		245	0
299	诸葛恪	19	2	216019	2	111019		211015		216019					6085	274	250	250	0	box	1806	431			1		245	0
300	诸葛瑾	19	2	216019	2	111019		211015		216019					6085	274	250	250	0	box	1806	431			1		245	0
301	武烈皇后	19	2	216019	2	111019		211015		216019					6085	274	250	250	0	box	1806	431			1		245	0
302	孙坚	19	2	216019	2	111019		211015		216019					6085	274	250	250	0	box	1806	431			1		245	0
303	张允	19	2	216019	2	111019		211015		216019					6085	274	250	250	0	box	1806	431			1		245	0
304	文聘	19	2	216019	2	111019		211015		216019					6085	274	250	250	0	box	1806	431			1		245	0
305	夏侯霸	20	2	315020	2		110020			410016			315020		6472	276	255	255		main	1630	323			1		248	0
306	戏志才	20	2	315020	2		110020			410016			315020		6472	276	255	255		main	1630	323			1		248	0
307	李通	20	2	315020	2		110020			410016			315020		6472	276	255	255	0	main	1630	323			1		248	0
308	刘夫人	20	2	315020	2		110020			410016			315020		6472	276	255	255	0	main	1630	323			1		248	0
309	周祥兆	20	2	315020	2		110020			410016			315020		6472	276	255	255	0	main	1630	323			1		248	0
310	杜夫人	20	2	315020	2		110020			410016			315020		6472	276	255	255	0	main	1630	323			1		248	0
311	秦宜禄	20	2	315020	2		110020			410016			315020		6472	276	255	255	0	main	1630	323			1		248	0
312	蔵洪	20	2	315020	2		110020			410016			315020		6472	276	255	255	0	main	1630	323			1		248	0
313	李肃	20	2	315020	2		110020			410016			315020		6472	276	255	255	0	main	1630	323			1		248	0
314	雷薄	20	2	315020	2		110020			410016			315020		6472	276	255	255	0	main	1630	323			1		248	0
315	李业	20	2	416020	2				111020	511017	416020				6463	278	260	260		main	1446	393			1		248	0
316	陈瑀	20	2	416020	2				111020	511017	416020				6463	278	260	260		main	1446	393			1		248	0
317	杨弘	20	2	416020	2				111020	511017	416020				6463	278	260	260	0	main	1446	393			1		248	0
318	刘勋	20	2	416020	2				111020	511017	416020				6463	278	260	260	0	main	1446	393			1		248	0
319	颜良	20	2	416020	2				111020	511017	416020				6463	278	260	260	0	main	1446	393			1		248	0
320	郭图	20	2	416020	2				111020	511017	416020				6463	278	260	260	0	main	1446	393			1		248	0
321	高干	20	2	416020	2				111020	511017	416020				6463	278	260	260	0	main	1446	393			1		248	0
322	田丰	20	2	416020	2				111020	511017	416020				6463	278	260	260	0	main	1446	393			1		248	0
323	文丑	20	2	416020	2				111020	511017	416020				6463	278	260	260	0	main	1446	393			1		248	0
324	公孙修	20	2	416020	2				111020	511017	416020				6463	278	260	260	0	main	1446	393			1		248	0
325	伦直	21	3	315021	3			310021		110018	315021				7052	280	265	265		main	232	1054			1		250	0
326	贾范	21	3	315021	3			310021		110018	315021				7052	280	265	265		main	232	1054			1		250	0
327	柳甫	21	3	315021	3			310021		110018	315021				7052	280	265	265	0	main	232	1054			1		250	0
328	公孙渊	21	3	315021	3			310021		110018	315021				7052	280	265	265	0	main	232	1054			1		250	0
329	邢道荣	21	3	315021	3			310021		110018	315021				7052	280	265	265	0	main	232	1054			1		250	0
330	吕公	21	3	315021	3			310021		110018	315021				7052	280	265	265	0	main	232	1054			1		250	0
331	蒯良	21	3	315021	3			310021		110018	315021				7052	280	265	265	0	main	232	1054			1		250	0
332	苏飞	21	3	315021	3			310021		110018	315021				7052	280	265	265	0	main	232	1054			1		250	0
333	黄祖	21	3	315021	3			310021		110018	315021				7052	280	265	265	0	main	232	1054			1		250	0
334	北宫伯玉	21	3	315021	3			310021		110018	315021				7052	280	265	265	0	main	232	1054			1		250	0
335	李文候	21	3	116021	3	111021			111019			116021			7070	282	270	270		main	398	1146			1		250	0
336	程银	21	3	116021	3	111021			111019			116021			7070	282	270	270		main	398	1146			1		250	0
337	候选	21	3	116021	3	111021			111019			116021			7070	282	270	270	0	main	398	1146			1		250	0
338	韩遂	21	3	116021	3	111021			111019			116021			7070	282	270	270	0	main	398	1146			1		250	0
339	朵思大王	21	3	116021	3	111021			111019			116021			7070	282	270	270	0	main	398	1146			1		250	0
340	兀突骨	21	3	116021	3	111021			111019			116021			7070	282	270	270	0	main	398	1146			1		250	0
341	木鹿大王	21	3	116021	3	111021			111019			116021			7070	282	270	270	0	main	398	1146			1		250	0
342	彻里吉	21	3	116021	3	111021			111019			116021			7070	282	270	270	0	main	398	1146			1		250	0
343	祝融	21	3	116021	3	111021			111019			116021			7070	282	270	270	0	main	398	1146			1		250	0
344	丁奉	21	3	116021	3	111021			111019			116021			7070	282	270	270	0	main	398	1146			1		250	0
345	潘璋	22	3	415022	3	310022	110020						415022		7449	284	275	275		main	568	1170			1		252	0
346	周泰	22	3	415022	3	310022	110020						415022		7449	284	275	275		main	568	1170			1		252	0
347	凌统	22	3	415022	3	310022	110020						415022		7449	284	275	275	0	main	568	1170			1		252	0
348	甘宁	22	3	415022	3	310022	110020						415022		7449	284	275	275	0	main	568	1170			1		252	0
349	曹洪	22	3	415022	3	310022	110020						415022		7449	284	275	275	0	main	568	1170			1		252	0
350	曹植	22	3	415022	3	310022	110020						415022		7449	284	275	275	0	main	568	1170			1		252	0
351	曹仁	22	3	415022	3	310022	110020						415022		7449	284	275	275	0	main	568	1170			1		252	0
352	藏霸	22	3	415022	3	310022	110020						415022		7449	284	275	275	0	main	568	1170			1		252	0
353	张辽	22	3	415022	3	310022	110020						415022		7449	284	275	275	0	main	568	1170			1		252	0
354	马元义	22	3	415022	3	310022	110020						415022		7449	284	275	275	0	main	568	1170			1		252	0
355	卜己	22	3	415022	3	310022	110020						415022		7449	284	275	275		main	568	1170			1		252	0
356	黄龙	22	3	216022	3			311022		216022	511021				7674	286	280	280		main	474	1008			1		252	0
357	大洪	22	3	415022	3	310022	110020						415022		7449	284	275	275	0	main	568	1170			1		252	0
358	张牛角	22	3	216022	3			311022		216022	511021				7674	286	280	280	0	main	474	1008			1		252	0
359	陈宫	22	3	415022	3	310022	110020						415022		7449	284	275	275	0	main	568	1170			1		252	0
360	曹性	22	3	216022	3			311022		216022	511021				7674	286	280	280	0	main	474	1008			1		252	0
361	韩巍	22	3	415022	3	310022	110020						415022		7449	284	275	275	0	main	568	1170			1		252	0
362	曹氏	22	3	216022	3			311022		216022	511021				7674	286	280	280	0	main	474	1008			1		252	0
363	曹豹	22	3	415022	3	310022	110020						415022		7449	284	275	275	0	main	568	1170			1		252	0
364	袁嗣	22	3	216022	3			311022		216022	511021				7674	286	280	280	0	main	474	1008			1		252	0
365	乐就	22	3	216022	3			311022		216022	511021				7674	286	280	280		main	474	1008			1		252	0
366	阎象	22	3	216022	3			311022		216022	511021				7674	286	280	280		main	474	1008			1		252	0
367	荀正	22	3	216022	3			311022		216022	511021				7674	286	280	280	0	main	474	1008			1		252	0
368	徐璆	22	3	216022	3			311022		216022	511021				7674	286	280	280	0	main	474	1008			1		252	0
369	郭于淳	22	3	216022	3			311022		216022	511021				7674	286	280	280	0	main	474	1008			1		252	0
370	逢纪	22	3	216022	3			311022		216022	511021				7674	286	280	280	0	main	474	1008			1		252	0
371	汗卢维	22	3	216022	3			311022		216022	511021				7674	286	280	280	0	main	474	1008			1		252	0
372	张郃	22	3	216022	3			311022		216022	511021				7674	286	280	280	0	main	474	1008			1		252	0
373	许攸	22	3	216022	3			311022		216022	511021				7674	286	280	280	0	main	474	1008			1		252	0
374	公孙康	22	3	216022	3			311022		216022	511021				7674	286	280	280	0	main	474	1008			1		252	0
375	公孙晃	22	3	216022	3			311022		216022	511021				7674	286	280	280		main	474	1008			1		252	0
376	柳夫人	22	3	216022	3			311022		216022	511021				7674	286	280	280		main	474	1008			1		252	0
377	公孙恭	22	3	216022	3			311022		216022	511021				7674	286	280	280	0	main	474	1008			1		252	0
378	公孙度	22	3	216022	3			311022		216022	511021				7674	286	280	280	0	main	474	1008			1		252	0
379	文聘	22	3	216022	3			311022		216022	511021				7674	286	280	280	0	main	474	1008			1		252	0
380	蔡中	22	3	216022	3			311022		216022	511021				7674	286	280	280	0	main	474	1008			1		252	0
381	蔡和	22	3	216022	3			311022		216022	511021				7674	286	280	280	0	main	474	1008			1		252	0
382	蔡勋	22	3	216022	3			311022		216022	511021				7674	286	280	280	0	main	474	1008			1		252	0
383	蔡瑁	22	3	216022	3			311022		216022	511021				7674	286	280	280	0	main	474	1008			1		252	0
384	马岱	22	3	216022	3			311022		216022	511021				7674	286	280	280	0	main	474	1008			1		252	0
385	马玩	22	3	216022	3			311022		216022	511021				7674	286	280	280		main	474	1008			1		252	0
386	庞德	22	3	216022	3			311022		216022	511021				7674	286	280	280		main	474	1008			1		252	0
387	马云騼	22	3	216022	3			311022		216022	511021				7674	286	280	280	0	main	474	1008			1		252	0
388	马超	22	3	216022	3			311022		216022	511021				7674	286	280	280	0	main	474	1008			1		252	0
389	金环三结	22	3	216022	3			311022		216022	511021				7674	286	280	280	0	main	474	1008			1		252	0
390	董茶那	22	3	216022	3			311022		216022	511021				7674	286	280	280	0	main	474	1008			1		252	0
391	阿会喃	22	3	216022	3			311022		216022	511021				7674	286	280	280	0	main	474	1008			1		252	0
392	忙牙长	22	3	216022	3			311022		216022	511021				7674	286	280	280	0	main	474	1008			1		252	0
393	朵思大王	22	3	216022	3			311022		216022	511021				7674	286	280	280	0	main	474	1008			1		252	0
394	黄盖	22	3	216022	3			311022		216022	511021				7674	286	280	280	0	main	474	1008			1		252	0
395	太史慈	22	3	216022	3			311022		216022	511021				7674	286	280	280	0	main	474	1008			1		252	0
396	吕蒙	23	3	315023	3	315023	110023	110022	510006						9508	288	285	285		box	570	904			1		255	0
397	陆逊	23	3	315023	3	315023	110023	110022	510006						9508	288	285	285		box	570	904			1		255	0
398	孙皓	23	3	315023	3	315023	110023	110022	510006						9508	288	285	285	0	box	570	904			1		255	0
399	杨修	23	3	315023	3	315023	110023	110022	510006						9508	288	285	285	0	box	570	904			1		255	0
400	孙姬	23	3	315023	3	315023	110023	110022	510006						9508	288	285	285	0	box	570	904			1		255	0
401	徐晃	23	3	315023	3	315023	110023	110022	510006						9508	288	285	285	0	box	570	904			1		255	0
402	庞德	23	3	315023	3	315023	110023	110022	510006						9508	288	285	285	0	box	570	904			1		255	0
403	司马懿	23	3	315023	3	315023	110023	110022	510006						9508	288	285	285	0	box	570	904			1		255	0
404	李儒	23	3	315023	3	315023	110023	110022	510006						9508	288	285	285	0	box	570	904			1		255	0
405	董卓	23	3	315023	3	315023	110023	110022	510006						9508	288	285	285	0	box	570	904			1		255	0
406	张角	23	3	315023	3	315023	110023	110022	510006						9508	288	285	285		box	570	904			1		255	0
407	吕布	23	3	315023	3	315023	110023	110022	510006						9508	288	285	285		box	570	904			1		255	0
408	袁术	23	3	315023	3	315023	110023	110022	510006						9508	288	285	285	0	box	570	904			1		255	0
409	袁绍	23	3	315023	3	315023	110023	110022	510006						9508	288	285	285	0	box	570	904			1		255	0
410	公孙渊	23	3	315023	3	315023	110023	110022	510006						9508	288	285	285	0	box	570	904			1		255	0
411	公孙瓒	23	3	315023	3	315023	110023	110022	510006						9508	288	285	285	0	box	570	904			1		255	0
412	蒯越	23	3	315023	3	315023	110023	110022	510006						9508	288	285	285	0	box	570	904			1		255	0
413	刘表	23	3	315023	3	315023	110023	110022	510006						9508	288	285	285	0	box	570	904			1		255	0
414	马超	23	3	315023	3	315023	110023	110022	510006						9508	288	285	285	0	box	570	904			1		255	0
415	马腾	23	3	315023	3	315023	110023	110022	510006						9508	288	285	285	0	box	570	904			1		255	0
416	祝融	23	3	315023	3	315023	110023	110022	510006						9508	288	285	285		box	570	904			1		255	0
417	孟获	23	3	315023	3	315023	110023	110022	510006						9508	288	285	285		box	570	904			1		255	0
418	周瑜	23	3	315023	3	315023	110023	110022	510006						9508	288	285	285	0	box	570	904			1		255	0
419	孙权	23	3	315023	3	315023	110023	110022	510006						9508	288	285	285	0	box	570	904			1		255	0
420	司马懿	23	3	315023	3	315023	110023	110022	510006						9508	288	285	285	0	box	570	904			1		255	0
421	曹操	23	3	315023	3	315023	110023	110022	510006						9508	288	285	285	0	box	570	904			1		255	0
422	徐荣	23	3	315023	3	315023	110023	110022	510006						9508	288	285	285	0	box	570	904			1		255	0
423	李蒙	23	3	315023	3	315023	110023	110022	510006						9508	288	285	285	0	box	570	904			1		255	0
424	李暹	23	3	315023	3	315023	110023	110022	510006						9508	288	285	285	0	box	570	904			1		255	0
425	攴胡赤儿	23	3	315023	3	315023	110023	110022	510006						9508	288	285	285	0	box	570	904			1		255	0
426	王允	23	3	315023	3	315023	110023	110022	510006						9508	288	285	285		box	570	904			1		255	0
427	李傕	23	3	116023	3			111023				116023	411022	311008	9499	290	290	290		main	508	676			1		255	0
428	胡轸	23	3	315023	3	315023	110023	110022	510006						9508	288	285	285	0	box	570	904			1		255	0
429	左灵	23	3	116023	3			111023				116023	411022	311008	9499	290	290	290	0	main	508	676			1		255	0
430	华雄	23	3	315023	3	315023	110023	110022	510006						9508	288	285	285	0	box	570	904			1		255	0
431	张济	23	3	116023	3			111023				116023	411022	311008	9499	290	290	290	0	main	508	676			1		255	0
432	段煨	23	3	315023	3	315023	110023	110022	510006						9508	288	285	285	0	box	570	904			1		255	0
433	李儒	23	3	116023	3			111023				116023	411022	311008	9499	290	290	290	0	main	508	676			1		255	0
434	樊稠	23	3	315023	3	315023	110023	110022	510006						9508	288	285	285	0	box	570	904			1		255	0
435	郭汜	23	3	116023	3			111023				116023	411022	311008	9499	290	290	290	0	main	508	676			1		255	0
436	董越	23	3	315023	3	315023	110023	110022	510006						9508	288	285	285		box	570	904			1		255	0
437	董承	23	3	116023	3			111023				116023	411022	311008	9499	290	290	290		main	508	676			1		255	0
438	牛辅	23	3	315023	3	315023	110023	110022	510006						9508	288	285	285	0	box	570	904			1		255	0
439	董旻	23	3	116023	3			111023				116023	411022	311008	9499	290	290	290	0	main	508	676			1		255	0
440	董璜	23	3	315023	3	315023	110023	110022	510006						9508	288	285	285	0	box	570	904			1		255	0
441	董卓	23	3	116023	3			111023				116023	411022	311008	9499	290	290	290	0	main	508	676			1		255	0
442	裴元绍	23	3	315023	3	315023	110023	110022	510006						9508	288	285	285	0	box	570	904			1		255	0
443	邓茂	23	3	116023	3			111023				116023	411022	311008	9499	290	290	290	0	main	508	676			1		255	0
444	程远志	23	3	315023	3	315023	110023	110022	510006						9508	288	285	285	0	box	570	904			1		255	0
445	伏完	23	3	116023	3			111023				116023	411022	311008	9499	290	290	290	0	main	508	676			1		255	0
446	周仓	23	3	315023	3	315023	110023	110022	510006						9508	288	285	285		box	570	904			1		255	0
447	张白骑	23	3	116023	3			111023				116023	411022	311008	9499	290	290	290		main	508	676			1		255	0
448	刘石	23	3	315023	3	315023	110023	110022	510006						9508	288	285	285	0	box	570	904			1		255	0
449	孙夏	23	3	116023	3			111023				116023	411022	311008	9499	290	290	290	0	main	508	676			1		255	0
450	张梁	23	3	315023	3	315023	110023	110022	510006						9508	288	285	285	0	box	570	904			1		255	0
451	笮融	23	3	116023	3			111023				116023	411022	311008	9499	290	290	290	0	main	508	676			1		255	0
452	高升	23	3	315023	3	315023	110023	110022	510006						9508	288	285	285	0	box	570	904			1		255	0
453	李乐	23	3	116023	3			111023				116023	411022	311008	9499	290	290	290	0	main	508	676			1		255	0
454	彭脱	23	3	315023	3	315023	110023	110022	510006						9508	288	285	285	0	box	570	904			1		255	0
455	赵媛姜	23	3	116023	3			111023				116023	411022	311008	9499	290	290	290	0	main	508	676			1		255	0
456	张宝	23	3	116023	3			111023				116023	411022	311008	9499	290	290	290		main	508	676			1		255	0
457	卞喜	23	3	116023	3			111023				116023	411022	311008	9499	290	290	290		main	508	676			1		255	0
458	何仪	23	3	116023	3			111023				116023	411022	311008	9499	290	290	290	0	main	508	676			1		255	0
459	郭太	23	3	116023	3			111023				116023	411022	311008	9499	290	290	290	0	main	508	676			1		255	0
460	管亥	23	3	116023	3			111023				116023	411022	311008	9499	290	290	290	0	main	508	676			1		255	0
461	张角	23	3	116023	3			111023				116023	411022	311008	9499	290	290	290	0	main	508	676			1		255	0
462	郝萌	23	3	116023	3			111023				116023	411022	311008	9499	290	290	290	0	main	508	676			1		255	0
463	高顺	23	3	116023	3			111023				116023	411022	311008	9499	290	290	290	0	main	508	676			1		255	0
464	许汜	23	3	116023	3			111023				116023	411022	311008	9499	290	290	290	0	main	508	676			1		255	0
465	魏续	23	3	116023	3			111023				116023	411022	311008	9499	290	290	290	0	main	508	676			1		255	0
466	成廉	23	3	116023	3			111023				116023	411022	311008	9499	290	290	290		main	508	676			1		255	0
467	薛兰	23	3	116023	3			111023				116023	411022	311008	9499	290	290	290		main	508	676			1		255	0
468	李封	23	3	116023	3			111023				116023	411022	311008	9499	290	290	290	0	main	508	676			1		255	0
469	刘何	23	3	116023	3			111023				116023	411022	311008	9499	290	290	290	0	main	508	676			1		255	0
470	王楷	23	3	116023	3			111023				116023	411022	311008	9499	290	290	290	0	main	508	676			1		255	0
471	王贺	23	3	116023	3			111023				116023	411022	311008	9499	290	290	290	0	main	508	676			1		255	0
472	纶直	23	3	116023	3			111023				116023	411022	311008	9499	290	290	290	0	main	508	676			1		255	0
473	侯成	23	3	116023	3			111023				116023	411022	311008	9499	290	290	290	0	main	508	676			1		255	0
474	骆俊	23	3	116023	3			111023				116023	411022	311008	9499	290	290	290	0	main	508	676			1		255	0
475	宋宪	23	3	116023	3			111023				116023	411022	311008	9499	290	290	290	0	main	508	676			1		255	0
476	李封	23	3	116023	3			111023				116023	411022	311008	9499	290	290	290		main	508	676			1		255	0
477	魏越	23	3	116023	3			111023				116023	411022	311008	9499	290	290	290		main	508	676			1		255	0
478	吕玲绮	23	3	116023	3			111023				116023	411022	311008	9499	290	290	290	0	main	508	676			1		255	0
479	张辽	23	3	116023	3			111023				116023	411022	311008	9499	290	290	290	0	main	508	676			1		255	0
480	严氏	23	3	116023	3			111023				116023	411022	311008	9499	290	290	290	0	main	508	676			1		255	0
481	吕布	23	3	116023	3			111023				116023	411022	311008	9499	290	290	290	0	main	508	676			1		255	0
482	舒邵	23	3	116023	3			111023				116023	411022	311008	9499	290	290	290	0	main	508	676			1		255	0
483	苟闻建	23	3	116023	3			111023				116023	411022	311008	9499	290	290	290	0	main	508	676			1		255	0
484	陶丘洪	23	3	116023	3			111023				116023	411022	311008	9499	290	290	290	0	main	508	676			1		255	0
485	韩胤	23	3	116023	3			111023				116023	411022	311008	9499	290	290	290	0	main	508	676			1		255	0
486	俞涉	24	3	215024	3			210024		215024			510023	510010	10728	292	295	295		main	396	544			1		257	0
487	苌奴	24	3	215024	3			210024		215024			510023	510010	10728	292	295	295		main	396	544			1		257	0
488	诸葛玄	24	3	215024	3			210024		215024			510023	510010	10728	292	295	295	0	main	396	544			1		257	0
489	惠衢	24	3	215024	3			210024		215024			510023	510010	10728	292	295	295	0	main	396	544			1		257	0
490	陈纪	24	3	215024	3			210024		215024			510023	510010	10728	292	295	295	0	main	396	544			1		257	0
491	刘珐	24	3	215024	3			210024		215024			510023	510010	10728	292	295	295	0	main	396	544			1		257	0
492	郑浑	24	3	215024	3			210024		215024			510023	510010	10728	292	295	295	0	main	396	544			1		257	0
493	郑泰	24	3	215024	3			210024		215024			510023	510010	10728	292	295	295	0	main	396	544			1		257	0
494	桥蕤	24	3	215024	3			210024		215024			510023	510010	10728	292	295	295	0	main	396	544			1		257	0
495	张天昊	24	3	215024	3			210024		215024			510023	510010	10728	292	295	295	0	main	396	544			1		257	0
496	李丰	24	3	215024	3			210024		215024			510023	510010	10728	292	295	295		main	396	544			1		257	0
497	纪灵	24	3	215024	3			210024		215024			510023	510010	10728	292	295	295		main	396	544			1		257	0
498	袁耀	24	3	215024	3			210024		215024			510023	510010	10728	292	295	295	0	main	396	544			1		257	0
499	袁法	24	3	215024	3			210024		215024			510023	510010	10728	292	295	295	0	main	396	544			1		257	0
500	冯氏	24	3	215024	3			210024		215024			510023	510010	10728	292	295	295	0	main	396	544			1		257	0
501	袁术	24	3	215024	3			210024		215024			510023	510010	10728	292	295	295	0	main	396	544			1		257	0
502	岑壁	24	3	215024	3			210024		215024			510023	510010	10728	292	295	295	0	main	396	544			1		257	0
503	陈琳	24	3	215024	3			210024		215024			510023	510010	10728	292	295	295	0	main	396	544			1		257	0
504	周昂	24	3	215024	3			210024		215024			510023	510010	10728	292	295	295	0	main	396	544			1		257	0
505	冯礼	24	3	215024	3			210024		215024			510023	510010	10728	292	295	295	0	main	396	544			1		257	0
506	公孙犊	24	3	215024	3			210024		215024			510023	510010	10728	292	295	295		main	396	544			1		257	0
507	高平	24	3	215024	3			210024		215024			510023	510010	10728	292	295	295		main	396	544			1		257	0
508	沮授	24	3	215024	3			210024		215024			510023	510010	10728	292	295	295	0	main	396	544			1		257	0
509	袁遗	24	3	215024	3			210024		215024			510023	510010	10728	292	295	295	0	main	396	544			1		257	0
510	韩猛	24	3	215024	3			210024		215024			510023	510010	10728	292	295	295	0	main	396	544			1		257	0
511	韩琼	24	3	215024	3			210024		215024			510023	510010	10728	292	295	295	0	main	396	544			1		257	0
512	蒋奇	24	3	215024	3			210024		215024			510023	510010	10728	292	295	295	0	main	396	544			1		257	0
513	焦触	24	3	215024	3			210024		215024			510023	510010	10728	292	295	295	0	main	396	544			1		257	0
514	夏昭	24	3	215024	3			210024		215024			510023	510010	10728	292	295	295	0	main	396	544			1		257	0
515	高柔	24	3	215024	3			210024		215024			510023	510010	10728	292	295	295	0	main	396	544			1		257	0
516	辛明	24	3	215024	3			210024		215024			510023	510010	10728	292	295	295		main	396	544			1		257	0
517	袁谭	24	3	316024	3			211024		311023		316024	211012		11003	294	300	300		main	572	474			1		257	0
518	袁熙	24	3	215024	3			210024		215024			510023	510010	10728	292	295	295	0	main	396	544			1		257	0
519	袁尚	24	3	316024	3			211024		311023		316024	211012		11003	294	300	300	0	main	572	474			1		257	0
520	刘氏	24	3	215024	3			210024		215024			510023	510010	10728	292	295	295	0	main	396	544			1		257	0
521	袁绍	24	3	316024	3			211024		311023		316024	211012		11003	294	300	300	0	main	572	474			1		257	0
522	乐何当	24	3	215024	3			210024		215024			510023	510010	10728	292	295	295	0	main	396	544			1		257	0
523	李移子	24	3	316024	3			211024		311023		316024	211012		11003	294	300	300	0	main	572	474			1		257	0
524	刘纬台	24	3	215024	3			210024		215024			510023	510010	10728	292	295	295	0	main	396	544			1		257	0
525	乐白	24	3	316024	3			211024		311023		316024	211012		11003	294	300	300	0	main	572	474			1		257	0
526	郭铄	24	3	215024	3			210024		215024			510023	510010	10728	292	295	295		main	396	544			1		257	0
527	张卿	24	3	316024	3			211024		311023		316024	211012		11003	294	300	300		main	572	474			1		257	0
528	季雍	24	3	215024	3			210024		215024			510023	510010	10728	292	295	295	0	main	396	544			1		257	0
529	范方	24	3	316024	3			211024		311023		316024	211012		11003	294	300	300	0	main	572	474			1		257	0
530	文则	24	3	215024	3			210024		215024			510023	510010	10728	292	295	295	0	main	396	544			1		257	0
531	田豫	24	3	316024	3			211024		311023		316024	211012		11003	294	300	300	0	main	572	474			1		257	0
532	关靖	24	3	215024	3			210024		215024			510023	510010	10728	292	295	295	0	main	396	544			1		257	0
533	邹丹	24	3	316024	3			211024		311023		316024	211012		11003	294	300	300	0	main	572	474			1		257	0
534	单经	24	3	215024	3			210024		215024			510023	510010	10728	292	295	295	0	main	396	544			1		257	0
535	田楷	24	3	316024	3			211024		311023		316024	211012		11003	294	300	300	0	main	572	474			1		257	0
536	严纲	24	3	215024	3			210024		215024			510023	510010	10728	292	295	295		main	396	544			1		257	0
537	公孙范	24	3	316024	3			211024		311023		316024	211012		11003	294	300	300		main	572	474			1		257	0
538	公孙越	24	3	215024	3			210024		215024			510023	510010	10728	292	295	295	0	main	396	544			1		257	0
539	公孙续	24	3	316024	3			211024		311023		316024	211012		11003	294	300	300	0	main	572	474			1		257	0
540	候氏	24	3	215024	3			210024		215024			510023	510010	10728	292	295	295	0	main	396	544			1		257	0
541	公孙瓒	24	3	316024	3			211024		311023		316024	211012		11003	294	300	300	0	main	572	474			1		257	0
542	陈应	24	3	215024	3			210024		215024			510023	510010	10728	292	295	295	0	main	396	544			1		257	0
543	鲍隆	24	3	316024	3			211024		311023		316024	211012		11003	294	300	300	0	main	572	474			1		257	0
544	宋忠	24	3	215024	3			210024		215024			510023	510010	10728	292	295	295	0	main	396	544			1		257	0
545	王威	24	3	316024	3			211024		311023		316024	211012		11003	294	300	300	0	main	572	474			1		257	0
546	傅巽	24	3	316024	3			211024		311023		316024	211012		11003	294	300	300		main	572	474			1		257	0
547	韩嵩	24	3	316024	3			211024		311023		316024	211012		11003	294	300	300		main	572	474			1		257	0
548	张允	24	3	316024	3			211024		311023		316024	211012		11003	294	300	300	0	main	572	474			1		257	0
549	刘磐	24	3	316024	3			211024		311023		316024	211012		11003	294	300	300	0	main	572	474			1		257	0
550	李珪	24	3	316024	3			211024		311023		316024	211012		11003	294	300	300	0	main	572	474			1		257	0
551	蒯越	24	3	316024	3			211024		311023		316024	211012		11003	294	300	300	0	main	572	474			1		257	0
552	杨龄	24	3	316024	3			211024		311023		316024	211012		11003	294	300	300	0	main	572	474			1		257	0
553	韩玄	24	3	316024	3			211024		311023		316024	211012		11003	294	300	300	0	main	572	474			1		257	0
554	刘度	24	3	316024	3			211024		311023		316024	211012		11003	294	300	300	0	main	572	474			1		257	0
555	刘贤	24	3	316024	3			211024		311023		316024	211012		11003	294	300	300	0	main	572	474			1		257	0
556	赵范	25	3	415025	3				415025		310025		410024		12296	296	305	305		main	760	568			1		260	0
557	刘修	25	3	415025	3				415025		310025		410024	510014	12296	296	305	305		main	760	568			1		260	0
558	刘琮	25	3	415025	3				415025		310025		410024	510014	12296	296	305	305	0	main	760	568			1		260	0
559	刘琦	25	3	415025	3				415025		310025		410024	510014	12296	296	305	305	0	main	760	568			1		260	0
560	蔡氏	25	3	415025	3				415025		310025		410024	510014	12296	296	305	305	0	main	760	568			1		260	0
561	刘表	25	3	415025	3				415025		310025		410024	510014	12296	296	305	305	0	main	760	568			1		260	0
562	庞柔	25	3	415025	3				415025		310025		410024	510014	12296	296	305	305	0	main	760	568			1		260	0
563	庞隽	25	3	415025	3				415025		310025		410024	510014	12296	296	305	305	0	main	760	568			1		260	0
564	马援	25	3	415025	3				415025		310025		410024	510014	12296	296	305	305	0	main	760	568			1		260	0
565	宋建	25	3	415025	3				415025		310025		410024	510014	12296	296	305	305	0	main	760	568			1		260	0
566	柏亥	25	3	415025	3				415025		310025		410024	510014	12296	296	305	305		main	760	568			1		260	0
567	马肃	25	3	116025	3		116025			211025		411024	511016		12501	298	310	310		main	938	670			1		260	0
568	戴勇	25	3	415025	3				415025		310025		410024	510014	12296	296	305	305	0	main	760	568			1		260	0
569	杨松	25	3	116025	3		116025			211025		411024	511016		12501	298	310	310	0	main	938	670			1		260	0
570	杨柏	25	3	415025	3				415025		310025		410024	510014	12296	296	305	305	0	main	760	568			1		260	0
571	黄奎	25	3	116025	3		116025			211025		411024	511016		12501	298	310	310	0	main	938	670			1		260	0
572	马岱	25	3	415025	3				415025		310025		410024	510014	12296	296	305	305	0	main	760	568			1		260	0
573	刘婕	25	3	116025	3		116025			211025		411024	511016		12501	298	310	310	0	main	938	670			1		260	0
574	梁兴	25	3	415025	3				415025		310025		410024	510014	12296	296	305	305	0	main	760	568			1		260	0
575	毛绥	25	3	116025	3		116025			211025		411024	511016		12501	298	310	310	0	main	938	670			1		260	0
576	马铁	25	3	116025	3		116025			211025		411024	511016		12501	298	310	310		main	938	670			1		260	0
577	李堪	25	3	116025	3		116025			211025		411024	511016		12501	298	310	310		main	938	670			1		260	0
578	许临	25	3	116025	3		116025			211025		411024	511016		12501	298	310	310	0	main	938	670			1		260	0
579	马休	25	3	116025	3		116025			211025		411024	511016		12501	298	310	310	0	main	938	670			1		260	0
580	程氏	25	3	116025	3		116025			211025		411024	511016		12501	298	310	310	0	main	938	670			1		260	0
581	马腾	25	3	116025	3		116025			211025		411024	511016		12501	298	310	310	0	main	938	670			1		260	0
582	天山大王	25	3	116025	3		116025			211025		411024	511016		12501	298	310	310	0	main	938	670			1		260	0
583	黄草洞主	25	3	116025	3		116025			211025		411024	511016		12501	298	310	310	0	main	938	670			1		260	0
584	红砂洞主	25	3	116025	3		116025			211025		411024	511016		12501	298	310	310	0	main	938	670			1		260	0
585	碧水洞主	25	3	116025	3		116025			211025		411024	511016		12501	298	310	310	0	main	938	670			1		260	0
586	镇山大王	26	3	215026	3			310026	210026	215026	510018				14072	300	315	315		main	1092	802			1		262	0
587	蜈蚣洞主	26	3	215026	3			310026	210026	215026	510018				14072	300	315	315		main	1092	802			1		262	0
588	清峰大王	26	3	215026	3			310026	210026	215026	510018				14072	300	315	315	0	main	1092	802			1		262	0
589	鹭江洞主	26	3	215026	3			310026	210026	215026	510018				14072	300	315	315	0	main	1092	802			1		262	0
590	天魔洞主	26	3	215026	3			310026	210026	215026	510018				14072	300	315	315	0	main	1092	802			1		262	0
591	飞龙洞主	26	3	215026	3			310026	210026	215026	510018				14072	300	315	315	0	main	1092	802			1		262	0
592	蝶仔洞主	26	3	215026	3			310026	210026	215026	510018				14072	300	315	315	0	main	1092	802			1		262	0
593	阿力赤	26	3	215026	3			310026	210026	215026	510018				14072	300	315	315	0	main	1092	802			1		262	0
594	伽蓝洞主	26	3	215026	3			310026	210026	215026	510018				14072	300	315	315	0	main	1092	802			1		262	0
595	车鹿会	26	3	215026	3			310026	210026	215026	510018				14072	300	315	315	0	main	1092	802			1		262	0
596	忙笛安	24	3	316024	3			211024		311023		316024	211012		11003	294	300	300	0	main	572	474			1		257	0
597	杨朵	24	3	316024	3			211024		311023		316024	211012		11003	294	300	300		main	572	474			1		257	0
598	杨锋	24	3	316024	3			211024		311023		316024	211012		11003	294	300	300		main	572	474			1		257	0
599	沙摩柯	24	3	316024	3			211024		311023		316024	211012		11003	294	300	300	0	main	572	474			1		257	0
600	带来洞主	24	3	316024	3			211024		311023		316024	211012		11003	294	300	300	0	main	572	474			1		257	0
601	孟获	24	3	316024	3			211024		311023		316024	211012		11003	294	300	300	0	main	572	474			1		257	0
602	朱然	24	3	316024	3			211024		311023		316024	211012		11003	294	300	300	0	main	572	474			1		257	0
603	麋芳	24	3	316024	3			211024		311023		316024	211012		11003	294	300	300	0	main	572	474			1		257	0
604	蒋钦	24	3	316024	3			211024		311023		316024	211012		11003	294	300	300	0	main	572	474			1		257	0
605	朱桓	24	3	316024	3			211024		311023		316024	211012		11003	294	300	300	0	main	572	474			1		257	0
606	程普	24	3	316024	3			211024		311023		316024	211012		11003	294	300	300	0	main	572	474			1		257	0
607	韩当	25	3	415025	3				415025		310025		410024		12296	296	305	305		main	760	568			1		260	0
608	董袭	25	3	415025	3				415025		310025		410024	510014	12296	296	305	305		main	760	568			1		260	0
609	徐盛	25	3	415025	3				415025		310025		410024	510014	12296	296	305	305	0	main	760	568			1		260	0
610	贺齐	25	3	415025	3				415025		310025		410024	510014	12296	296	305	305	0	main	760	568			1		260	0
611	张承	25	3	415025	3				415025		310025		410024	510014	12296	296	305	305	0	main	760	568			1		260	0
612	孙皎	25	3	415025	3				415025		310025		410024	510014	12296	296	305	305	0	main	760	568			1		260	0
613	宋谦	25	3	415025	3				415025		310025		410024	510014	12296	296	305	305	0	main	760	568			1		260	0
614	大乔	25	3	415025	3				415025		310025		410024	510014	12296	296	305	305	0	main	760	568			1		260	0
615	孙策	25	3	415025	3				415025		310025		410024	510014	12296	296	305	305	0	main	760	568			1		260	0
616	徐琨	25	3	415025	3				415025		310025		410024	510014	12296	296	305	305	0	main	760	568			1		260	0
617	鲁肃	25	3	415025	3				415025		310025		410024	510014	12296	296	305	305		main	760	568			1		260	0
618	小乔	25	3	116025	3		116025			211025		411024	511016		12501	298	310	310		main	938	670			1		260	0
619	周瑜	25	3	415025	3				415025		310025		410024	510014	12296	296	305	305	0	main	760	568			1		260	0
620	袁夫人	25	3	116025	3		116025			211025		411024	511016		12501	298	310	310	0	main	938	670			1		260	0
621	孙权	25	3	415025	3				415025		310025		410024	510014	12296	296	305	305	0	main	760	568			1		260	0
622	于禁	25	3	116025	3		116025			211025		411024	511016		12501	298	310	310	0	main	938	670			1		260	0
623	乐进	25	3	415025	3				415025		310025		410024	510014	12296	296	305	305	0	main	760	568			1		260	0
624	赵姬	25	3	116025	3		116025			211025		411024	511016		12501	298	310	310	0	main	938	670			1		260	0
625	荀攸	25	3	415025	3				415025		310025		410024	510014	12296	296	305	305	0	main	760	568			1		260	0
626	曹真	25	3	116025	3		116025			211025		411024	511016		12501	298	310	310	0	main	938	670			1		260	0
627	蔡瑁	25	3	116025	3		116025			211025		411024	511016		12501	298	310	310		main	938	670			1		260	0
628	夏侯渊	25	3	116025	3		116025			211025		411024	511016		12501	298	310	310		main	938	670			1		260	0
629	郭嘉	25	3	116025	3		116025			211025		411024	511016		12501	298	310	310	0	main	938	670			1		260	0
630	夏侯玄	25	3	116025	3		116025			211025		411024	511016		12501	298	310	310	0	main	938	670			1		260	0
631	邓艾	25	3	116025	3		116025			211025		411024	511016		12501	298	310	310	0	main	938	670			1		260	0
632	刘烨	25	3	116025	3		116025			211025		411024	511016		12501	298	310	310	0	main	938	670			1		260	0
633	贾诩	25	3	116025	3		116025			211025		411024	511016		12501	298	310	310	0	main	938	670			1		260	0
634	夏侯惠	25	3	116025	3		116025			211025		411024	511016		12501	298	310	310	0	main	938	670			1		260	0
635	秦夫人	25	3	116025	3		116025			211025		411024	511016		12501	298	310	310	0	main	938	670			1		260	0
636	夏侯尚	25	3	116025	3		116025			211025		411024	511016		12501	298	310	310	0	main	938	670			1		260	0
637	荀彧	26	3	215026	3			310026	210026	215026	510018				14072	300	315	315		main	1092	802			1		262	0
638	张郃	26	3	215026	3			310026	210026	215026	510018				14072	300	315	315		main	1092	802			1		262	0
639	王昭仪	26	3	215026	3			310026	210026	215026	510018				14072	300	315	315	0	main	1092	802			1		262	0
640	典韦	26	3	215026	3			310026	210026	215026	510018				14072	300	315	315	0	main	1092	802			1		262	0
641	曹操	26	3	215026	3			310026	210026	215026	510018				14072	300	315	315	0	main	1092	802			1		262	0
642	张雷公	26	3	215026	3			310026	210026	215026	510018				14072	300	315	315	0	main	1092	802			1		262	0
643	于毒	26	3	215026	3			310026	210026	215026	510018				14072	300	315	315	0	main	1092	802			1		262	0
644	张燕	26	3	215026	3			310026	210026	215026	510018				14072	300	315	315	0	main	1092	802			1		262	0
645	赵弘	26	3	215026	3			310026	210026	215026	510018				14072	300	315	315	0	main	1092	802			1		262	0
646	韩忠	26	3	215026	3			310026	210026	215026	510018				14072	300	315	315	0	main	1092	802			1		262	0
647	白绕	24	3	316024	3			211024		311023		316024	211012		11003	294	300	300	0	main	572	474			1		257	0
648	波才	24	3	316024	3			211024		311023		316024	211012		11003	294	300	300		main	572	474			1		257	0
649	杨凤	24	3	316024	3			211024		311023		316024	211012		11003	294	300	300		main	572	474			1		257	0
650	左髭丈八	24	3	316024	3			211024		311023		316024	211012		11003	294	300	300	0	main	572	474			1		257	0
651	孙康	24	3	316024	3			211024		311023		316024	211012		11003	294	300	300	0	main	572	474			1		257	0
652	孙观	24	3	316024	3			211024		311023		316024	211012		11003	294	300	300	0	main	572	474			1		257	0
653	吴敦	24	3	316024	3			211024		311023		316024	211012		11003	294	300	300	0	main	572	474			1		257	0
654	尹礼	24	3	316024	3			211024		311023		316024	211012		11003	294	300	300	0	main	572	474			1		257	0
655	臧霸	24	3	316024	3			211024		311023		316024	211012		11003	294	300	300	0	main	572	474			1		257	0
656	昌豨	24	3	316024	3			211024		311023		316024	211012		11003	294	300	300	0	main	572	474			1		257	0
657	李春香	24	3	316024	3			211024		311023		316024	211012		11003	294	300	300	0	main	572	474			1		257	0
658	金尚	25	3	415025	3				415025		310025		410024		12296	296	305	305		main	760	568			1		260	0
659	韩暹	25	3	415025	3				415025		310025		410024	510014	12296	296	305	305		main	760	568			1		260	0
660	张勋	25	3	415025	3				415025		310025		410024	510014	12296	296	305	305	0	main	760	568			1		260	0
661	韩定	25	3	415025	3				415025		310025		410024	510014	12296	296	305	305	0	main	760	568			1		260	0
662	张炯	25	3	415025	3				415025		310025		410024	510014	12296	296	305	305	0	main	760	568			1		260	0
663	刘祥	25	3	415025	3				415025		310025		410024	510014	12296	296	305	305	0	main	760	568			1		260	0
664	袁凯	25	3	415025	3				415025		310025		410024	510014	12296	296	305	305	0	main	760	568			1		260	0
665	高干	25	3	415025	3				415025		310025		410024	510014	12296	296	305	305	0	main	760	568			1		260	0
666	张旭	25	3	415025	3				415025		310025		410024	510014	12296	296	305	305	0	main	760	568			1		260	0
667	吕威璜	25	3	415025	3				415025		310025		410024	510014	12296	296	305	305	0	main	760	568			1		260	0
668	审配	25	3	415025	3				415025		310025		410024	510014	12296	296	305	305		main	760	568			1		260	0
669	审荣	25	3	116025	3		116025			211025		411024	511016		12501	298	310	310		main	938	670			1		260	0
670	蒋义渠	25	3	415025	3				415025		310025		410024	510014	12296	296	305	305	0	main	760	568			1		260	0
671	白马义从	25	3	116025	3		116025			211025		411024	511016		12501	298	310	310	0	main	938	670			1		260	0
672	邹丹	25	3	415025	3				415025		310025		410024	510014	12296	296	305	305	0	main	760	568			1		260	0
673	郭昕	25	3	116025	3		116025			211025		411024	511016		12501	298	310	310	0	main	938	670			1		260	0
674	王门	25	3	415025	3				415025		310025		410024	510014	12296	296	305	305	0	main	760	568			1		260	0
675	宿舒	25	3	116025	3		116025			211025		411024	511016		12501	298	310	310	0	main	938	670			1		260	0
676	孙综	25	3	415025	3				415025		310025		410024	510014	12296	296	305	305	0	main	760	568			1		260	0
677	金旋	25	3	116025	3		116025			211025		411024	511016		12501	298	310	310	0	main	938	670			1		260	0
678	巩志	25	3	116025	3		116025			211025		411024	511016		12501	298	310	310		main	938	670			1		260	0
679	伊籍	25	3	116025	3		116025			211025		411024	511016		12501	298	310	310		main	938	670			1		260	0
680	邓羲	25	3	116025	3		116025			211025		411024	511016		12501	298	310	310	0	main	938	670			1		260	0
681	王粲	25	3	116025	3		116025			211025		411024	511016		12501	298	310	310	0	main	938	670			1		260	0
682	张怿	25	3	116025	3		116025			211025		411024	511016		12501	298	310	310	0	main	938	670			1		260	0
683	张羡	25	3	116025	3		116025			211025		411024	511016		12501	298	310	310	0	main	938	670			1		260	0
684	苏代	25	3	116025	3		116025			211025		411024	511016		12501	298	310	310	0	main	938	670			1		260	0
685	贝羽	25	3	116025	3		116025			211025		411024	511016		12501	298	310	310	0	main	938	670			1		260	0
686	张横	25	3	116025	3		116025			211025		411024	511016		12501	298	310	310	0	main	938	670			1		260	0
687	成宜	25	3	116025	3		116025			211025		411024	511016		12501	298	310	310	0	main	938	670			1		260	0
688	杨秋	26	3	215026	3			310026	210026	215026	510018				14072	300	315	315		main	1092	802			1		262	0
689	阎行	26	3	215026	3			310026	210026	215026	510018				14072	300	315	315		main	1092	802			1		262	0
690	成公英	26	3	215026	3			310026	210026	215026	510018				14072	300	315	315	0	main	1092	802			1		262	0
691	边章	26	3	215026	3			310026	210026	215026	510018				14072	300	315	315	0	main	1092	802			1		262	0
692	阿六敦	26	3	215026	3			310026	210026	215026	510018				14072	300	315	315	0	main	1092	802			1		262	0
693	水鹰大王	26	3	215026	3			310026	210026	215026	510018				14072	300	315	315	0	main	1092	802			1		262	0
694	雷鸣大王	26	3	215026	3			310026	210026	215026	510018				14072	300	315	315	0	main	1092	802			1		262	0
695	寿山洞主	26	3	215026	3			310026	210026	215026	510018				14072	300	315	315	0	main	1092	802			1		262	0
696	水晶洞主	26	3	215026	3			310026	210026	215026	510018				14072	300	315	315	0	main	1092	802			1		262	0
697	雷万兴	26	3	215026	3			310026	210026	215026	510018				14072	300	315	315	0	main	1092	802			1		262	0
698	蓝凤高	24	3	316024	3			211024		311023		316024	211012		11003	294	300	300	0	main	572	474			1		257	0
699	诸葛建	24	3	316024	3			211024		311023		316024	211012		11003	294	300	300		main	572	474			1		257	0
700	诸葛竦	24	3	316024	3			211024		311023		316024	211012		11003	294	300	300		main	572	474			1		257	0
701	诸葛绰	24	3	316024	3			211024		311023		316024	211012		11003	294	300	300	0	main	572	474			1		257	0
702	诸葛恪	24	3	316024	3			211024		311023		316024	211012		11003	294	300	300	0	main	572	474			1		257	0
703	诸葛瑾	24	3	316024	3			211024		311023		316024	211012		11003	294	300	300	0	main	572	474			1		257	0
704	武烈皇后	24	3	316024	3			211024		311023		316024	211012		11003	294	300	300	0	main	572	474			1		257	0
705	孙坚	24	3	316024	3			211024		311023		316024	211012		11003	294	300	300	0	main	572	474			1		257	0
706	张允	24	3	316024	3			211024		311023		316024	211012		11003	294	300	300	0	main	572	474			1		257	0
707	文聘	24	3	316024	3			211024		311023		316024	211012		11003	294	300	300	0	main	572	474			1		257	0
708	夏侯霸	24	3	316024	3			211024		311023		316024	211012		11003	294	300	300	0	main	572	474			1		257	0
709	戏志才	25	3	415025	3				415025		310025		410024		12296	296	305	305		main	760	568			1		260	0
710	李通	25	3	415025	3				415025		310025		410024	510014	12296	296	305	305		main	760	568			1		260	0
711	刘夫人	25	3	415025	3				415025		310025		410024	510014	12296	296	305	305	0	main	760	568			1		260	0
712	周祥兆	25	3	415025	3				415025		310025		410024	510014	12296	296	305	305	0	main	760	568			1		260	0
713	杜夫人	25	3	415025	3				415025		310025		410024	510014	12296	296	305	305	0	main	760	568			1		260	0
714	秦宜禄	25	3	415025	3				415025		310025		410024	510014	12296	296	305	305	0	main	760	568			1		260	0
715	蔵洪	25	3	415025	3				415025		310025		410024	510014	12296	296	305	305	0	main	760	568			1		260	0
716	李肃	25	3	415025	3				415025		310025		410024	510014	12296	296	305	305	0	main	760	568			1		260	0
717	雷薄	25	3	415025	3				415025		310025		410024	510014	12296	296	305	305	0	main	760	568			1		260	0
718	李业	25	3	415025	3				415025		310025		410024	510014	12296	296	305	305	0	main	760	568			1		260	0
719	陈瑀	25	3	415025	3				415025		310025		410024	510014	12296	296	305	305		main	760	568			1		260	0
720	杨弘	25	3	116025	3		116025			211025		411024	511016		12501	298	310	310		main	938	670			1		260	0
721	刘勋	25	3	415025	3				415025		310025		410024	510014	12296	296	305	305	0	main	760	568			1		260	0
722	颜良	25	3	116025	3		116025			211025		411024	511016		12501	298	310	310	0	main	938	670			1		260	0
723	郭图	25	3	415025	3				415025		310025		410024	510014	12296	296	305	305	0	main	760	568			1		260	0
724	高干	25	3	116025	3		116025			211025		411024	511016		12501	298	310	310	0	main	938	670			1		260	0
725	田丰	25	3	415025	3				415025		310025		410024	510014	12296	296	305	305	0	main	760	568			1		260	0
726	文丑	25	3	116025	3		116025			211025		411024	511016		12501	298	310	310	0	main	938	670			1		260	0
727	公孙修	25	3	415025	3				415025		310025		410024	510014	12296	296	305	305	0	main	760	568			1		260	0
728	伦直	25	3	116025	3		116025			211025		411024	511016		12501	298	310	310	0	main	938	670			1		260	0
729	贾范	25	3	116025	3		116025			211025		411024	511016		12501	298	310	310		main	938	670			1		260	0
730	柳甫	25	3	116025	3		116025			211025		411024	511016		12501	298	310	310		main	938	670			1		260	0
731	公孙渊	25	3	116025	3		116025			211025		411024	511016		12501	298	310	310	0	main	938	670			1		260	0
732	邢道荣	25	3	116025	3		116025			211025		411024	511016		12501	298	310	310	0	main	938	670			1		260	0
733	吕公	25	3	116025	3		116025			211025		411024	511016		12501	298	310	310	0	main	938	670			1		260	0
734	蒯良	25	3	116025	3		116025			211025		411024	511016		12501	298	310	310	0	main	938	670			1		260	0
735	苏飞	25	3	116025	3		116025			211025		411024	511016		12501	298	310	310	0	main	938	670			1		260	0
736	黄祖	25	3	116025	3		116025			211025		411024	511016		12501	298	310	310	0	main	938	670			1		260	0
737	北宫伯玉	25	3	116025	3		116025			211025		411024	511016		12501	298	310	310	0	main	938	670			1		260	0
738	李文候	25	3	116025	3		116025			211025		411024	511016		12501	298	310	310	0	main	938	670			1		260	0
739	程银	26	3	215026	3			310026	210026	215026	510018				14072	300	315	315		main	1092	802			1		262	0
740	候选	26	3	215026	3			310026	210026	215026	510018				14072	300	315	315		main	1092	802			1		262	0
741	韩遂	26	3	215026	3			310026	210026	215026	510018				14072	300	315	315	0	main	1092	802			1		262	0
742	朵思大王	26	3	215026	3			310026	210026	215026	510018				14072	300	315	315	0	main	1092	802			1		262	0
743	兀突骨	26	3	215026	3			310026	210026	215026	510018				14072	300	315	315	0	main	1092	802			1		262	0
744	木鹿大王	26	3	215026	3			310026	210026	215026	510018				14072	300	315	315	0	main	1092	802			1		262	0
745	彻里吉	26	3	215026	3			310026	210026	215026	510018				14072	300	315	315	0	main	1092	802			1		262	0
746	祝融	26	3	215026	3			310026	210026	215026	510018				14072	300	315	315	0	main	1092	802			1		262	0
747	丁奉	26	3	215026	3			310026	210026	215026	510018				14072	300	315	315	0	main	1092	802			1		262	0
748	潘璋	26	3	215026	3			310026	210026	215026	510018				14072	300	315	315	0	main	1092	802			1		262	0
749	周泰	24	3	316024	3			211024		311023		316024	211012		11003	294	300	300	0	main	572	474			1		257	0
750	凌统	24	3	316024	3			211024		311023		316024	211012		11003	294	300	300		main	572	474			1		257	0
751	甘宁	24	3	316024	3			211024		311023		316024	211012		11003	294	300	300		main	572	474			1		257	0
752	曹洪	24	3	316024	3			211024		311023		316024	211012		11003	294	300	300	0	main	572	474			1		257	0
753	曹植	24	3	316024	3			211024		311023		316024	211012		11003	294	300	300	0	main	572	474			1		257	0
754	曹仁	24	3	316024	3			211024		311023		316024	211012		11003	294	300	300	0	main	572	474			1		257	0
755	藏霸	24	3	316024	3			211024		311023		316024	211012		11003	294	300	300	0	main	572	474			1		257	0
756	张辽	24	3	316024	3			211024		311023		316024	211012		11003	294	300	300	0	main	572	474			1		257	0
757	马元义	24	3	316024	3			211024		311023		316024	211012		11003	294	300	300	0	main	572	474			1		257	0
758	卜己	24	3	316024	3			211024		311023		316024	211012		11003	294	300	300	0	main	572	474			1		257	0
759	黄龙	24	3	316024	3			211024		311023		316024	211012		11003	294	300	300	0	main	572	474			1		257	0
760	大洪	25	3	415025	3				415025		310025		410024		12296	296	305	305		main	760	568			1		260	0
761	张牛角	25	3	415025	3				415025		310025		410024	510014	12296	296	305	305		main	760	568			1		260	0
762	陈宫	25	3	415025	3				415025		310025		410024	510014	12296	296	305	305	0	main	760	568			1		260	0
763	曹性	25	3	415025	3				415025		310025		410024	510014	12296	296	305	305	0	main	760	568			1		260	0
764	韩巍	25	3	415025	3				415025		310025		410024	510014	12296	296	305	305	0	main	760	568			1		260	0
765	曹氏	25	3	415025	3				415025		310025		410024	510014	12296	296	305	305	0	main	760	568			1		260	0
766	曹豹	25	3	415025	3				415025		310025		410024	510014	12296	296	305	305	0	main	760	568			1		260	0
767	袁嗣	25	3	415025	3				415025		310025		410024	510014	12296	296	305	305	0	main	760	568			1		260	0
768	乐就	25	3	415025	3				415025		310025		410024	510014	12296	296	305	305	0	main	760	568			1		260	0
769	阎象	25	3	415025	3				415025		310025		410024	510014	12296	296	305	305	0	main	760	568			1		260	0
770	荀正	25	3	415025	3				415025		310025		410024	510014	12296	296	305	305		main	760	568			1		260	0
771	徐璆	25	3	116025	3		116025			211025		411024	511016		12501	298	310	310		main	938	670			1		260	0
772	郭于淳	25	3	415025	3				415025		310025		410024	510014	12296	296	305	305	0	main	760	568			1		260	0
773	逢纪	25	3	116025	3		116025			211025		411024	511016		12501	298	310	310	0	main	938	670			1		260	0
774	汗卢维	25	3	415025	3				415025		310025		410024	510014	12296	296	305	305	0	main	760	568			1		260	0
775	张郃	25	3	116025	3		116025			211025		411024	511016		12501	298	310	310	0	main	938	670			1		260	0
776	许攸	25	3	415025	3				415025		310025		410024	510014	12296	296	305	305	0	main	760	568			1		260	0
777	公孙康	25	3	116025	3		116025			211025		411024	511016		12501	298	310	310	0	main	938	670			1		260	0
778	公孙晃	25	3	415025	3				415025		310025		410024	510014	12296	296	305	305	0	main	760	568			1		260	0
779	柳夫人	25	3	116025	3		116025			211025		411024	511016		12501	298	310	310	0	main	938	670			1		260	0
780	公孙恭	25	3	116025	3		116025			211025		411024	511016		12501	298	310	310		main	938	670			1		260	0
781	公孙度	25	3	116025	3		116025			211025		411024	511016		12501	298	310	310		main	938	670			1		260	0
782	文聘	25	3	116025	3		116025			211025		411024	511016		12501	298	310	310	0	main	938	670			1		260	0
783	蔡中	25	3	116025	3		116025			211025		411024	511016		12501	298	310	310	0	main	938	670			1		260	0
784	蔡和	25	3	116025	3		116025			211025		411024	511016		12501	298	310	310	0	main	938	670			1		260	0
785	蔡勋	25	3	116025	3		116025			211025		411024	511016		12501	298	310	310	0	main	938	670			1		260	0
786	蔡瑁	25	3	116025	3		116025			211025		411024	511016		12501	298	310	310	0	main	938	670			1		260	0
787	马岱	25	3	116025	3		116025			211025		411024	511016		12501	298	310	310	0	main	938	670			1		260	0
788	马玩	25	3	116025	3		116025			211025		411024	511016		12501	298	310	310	0	main	938	670			1		260	0
789	庞德	25	3	116025	3		116025			211025		411024	511016		12501	298	310	310	0	main	938	670			1		260	0
790	马云騼	26	3	215026	3			310026	210026	215026	510018				14072	300	315	315		main	1092	802			1		262	0
791	马超	26	3	215026	3			310026	210026	215026	510018				14072	300	315	315		main	1092	802			1		262	0
792	金环三结	26	3	215026	3			310026	210026	215026	510018				14072	300	315	315	0	main	1092	802			1		262	0
793	董茶那	26	3	215026	3			310026	210026	215026	510018				14072	300	315	315	0	main	1092	802			1		262	0
794	阿会喃	26	3	215026	3			310026	210026	215026	510018				14072	300	315	315	0	main	1092	802			1		262	0
795	忙牙长	26	3	215026	3			310026	210026	215026	510018				14072	300	315	315	0	main	1092	802			1		262	0
796	朵思大王	26	3	215026	3			310026	210026	215026	510018				14072	300	315	315	0	main	1092	802			1		262	0
797	黄盖	26	3	215026	3			310026	210026	215026	510018				14072	300	315	315	0	main	1092	802			1		262	0
798	太史慈	26	3	215026	3			310026	210026	215026	510018				14072	300	315	315	0	main	1092	802			1		262	0
799	吕蒙	26	3	215026	3			310026	210026	215026	510018				14072	300	315	315	0	main	1092	802			1		262	0
800	陆逊	24	3	316024	3			211024		311023		316024	211012		11003	294	300	300	0	main	572	474			1		257	0
801	孙皓	24	3	316024	3			211024		311023		316024	211012		11003	294	300	300		main	572	474			1		257	0
802	杨修	24	3	316024	3			211024		311023		316024	211012		11003	294	300	300		main	572	474			1		257	0
803	孙姬	24	3	316024	3			211024		311023		316024	211012		11003	294	300	300	0	main	572	474			1		257	0
804	徐晃	24	3	316024	3			211024		311023		316024	211012		11003	294	300	300	0	main	572	474			1		257	0
805	庞德	24	3	316024	3			211024		311023		316024	211012		11003	294	300	300	0	main	572	474			1		257	0
806	司马懿	24	3	316024	3			211024		311023		316024	211012		11003	294	300	300	0	main	572	474			1		257	0
807	李儒	24	3	316024	3			211024		311023		316024	211012		11003	294	300	300	0	main	572	474			1		257	0
808	董卓	24	3	316024	3			211024		311023		316024	211012		11003	294	300	300	0	main	572	474			1		257	0
809	张角	24	3	316024	3			211024		311023		316024	211012		11003	294	300	300	0	main	572	474			1		257	0
810	吕布	24	3	316024	3			211024		311023		316024	211012		11003	294	300	300	0	main	572	474			1		257	0
811	袁术	25	3	415025	3				415025		310025		410024		12296	296	305	305		main	760	568			1		260	0
812	袁绍	25	3	415025	3				415025		310025		410024	510014	12296	296	305	305		main	760	568			1		260	0
813	公孙渊	25	3	415025	3				415025		310025		410024	510014	12296	296	305	305	0	main	760	568			1		260	0
814	公孙瓒	25	3	415025	3				415025		310025		410024	510014	12296	296	305	305	0	main	760	568			1		260	0
815	蒯越	25	3	415025	3				415025		310025		410024	510014	12296	296	305	305	0	main	760	568			1		260	0
816	刘表	25	3	415025	3				415025		310025		410024	510014	12296	296	305	305	0	main	760	568			1		260	0
817	马超	25	3	415025	3				415025		310025		410024	510014	12296	296	305	305	0	main	760	568			1		260	0
818	马腾	25	3	415025	3				415025		310025		410024	510014	12296	296	305	305	0	main	760	568			1		260	0
819	祝融	25	3	415025	3				415025		310025		410024	510014	12296	296	305	305	0	main	760	568			1		260	0
820	孟获	25	3	415025	3				415025		310025		410024	510014	12296	296	305	305	0	main	760	568			1		260	0
821	周瑜	25	3	415025	3				415025		310025		410024	510014	12296	296	305	305		main	760	568			1		260	0
822	孙权	25	3	116025	3		116025			211025		411024	511016		12501	298	310	310		main	938	670			1		260	0
823	司马懿	25	3	415025	3				415025		310025		410024	510014	12296	296	305	305	0	main	760	568			1		260	0
824	曹操	25	3	116025	3		116025			211025		411024	511016		12501	298	310	310	0	main	938	670			1		260	0
825	徐荣	25	3	415025	3				415025		310025		410024	510014	12296	296	305	305	0	main	760	568			1		260	0
826	李蒙	25	3	116025	3		116025			211025		411024	511016		12501	298	310	310	0	main	938	670			1		260	0
827	李暹	25	3	415025	3				415025		310025		410024	510014	12296	296	305	305	0	main	760	568			1		260	0
828	攴胡赤儿	25	3	116025	3		116025			211025		411024	511016		12501	298	310	310	0	main	938	670			1		260	0
829	王允	25	3	415025	3				415025		310025		410024	510014	12296	296	305	305	0	main	760	568			1		260	0
830	李傕	25	3	116025	3		116025			211025		411024	511016		12501	298	310	310	0	main	938	670			1		260	0
831	胡轸	25	3	116025	3		116025			211025		411024	511016		12501	298	310	310		main	938	670			1		260	0
832	左灵	25	3	116025	3		116025			211025		411024	511016		12501	298	310	310		main	938	670			1		260	0
833	华雄	25	3	116025	3		116025			211025		411024	511016		12501	298	310	310	0	main	938	670			1		260	0
834	张济	25	3	116025	3		116025			211025		411024	511016		12501	298	310	310	0	main	938	670			1		260	0
835	段煨	25	3	116025	3		116025			211025		411024	511016		12501	298	310	310	0	main	938	670			1		260	0
836	李儒	25	3	116025	3		116025			211025		411024	511016		12501	298	310	310	0	main	938	670			1		260	0
837	樊稠	25	3	116025	3		116025			211025		411024	511016		12501	298	310	310	0	main	938	670			1		260	0
838	郭汜	25	3	116025	3		116025			211025		411024	511016		12501	298	310	310	0	main	938	670			1		260	0
839	董越	25	3	116025	3		116025			211025		411024	511016		12501	298	310	310	0	main	938	670			1		260	0
840	董承	25	3	116025	3		116025			211025		411024	511016		12501	298	310	310	0	main	938	670			1		260	0
841	牛辅	26	3	215026	3			310026	210026	215026	510018				14072	300	315	315		main	1092	802			1		262	0
842	董旻	26	3	215026	3			310026	210026	215026	510018				14072	300	315	315		main	1092	802			1		262	0
843	董璜	26	3	215026	3			310026	210026	215026	510018				14072	300	315	315	0	main	1092	802			1		262	0
844	董卓	26	3	215026	3			310026	210026	215026	510018				14072	300	315	315	0	main	1092	802			1		262	0
845	裴元绍	26	3	215026	3			310026	210026	215026	510018				14072	300	315	315	0	main	1092	802			1		262	0
846	邓茂	26	3	215026	3			310026	210026	215026	510018				14072	300	315	315	0	main	1092	802			1		262	0
847	程远志	26	3	215026	3			310026	210026	215026	510018				14072	300	315	315	0	main	1092	802			1		262	0
848	伏完	26	3	215026	3			310026	210026	215026	510018				14072	300	315	315	0	main	1092	802			1		262	0
849	周仓	26	3	215026	3			310026	210026	215026	510018				14072	300	315	315	0	main	1092	802			1		262	0
850	张白骑	26	3	215026	3			310026	210026	215026	510018				14072	300	315	315	0	main	1092	802			1		262	0
851	刘石	24	3	316024	3			211024		311023		316024	211012		11003	294	300	300	0	main	572	474			1		257	0
852	孙夏	24	3	316024	3			211024		311023		316024	211012		11003	294	300	300		main	572	474			1		257	0
853	张梁	24	3	316024	3			211024		311023		316024	211012		11003	294	300	300		main	572	474			1		257	0
854	笮融	24	3	316024	3			211024		311023		316024	211012		11003	294	300	300	0	main	572	474			1		257	0
855	高升	24	3	316024	3			211024		311023		316024	211012		11003	294	300	300	0	main	572	474			1		257	0
856	李乐	24	3	316024	3			211024		311023		316024	211012		11003	294	300	300	0	main	572	474			1		257	0
857	彭脱	24	3	316024	3			211024		311023		316024	211012		11003	294	300	300	0	main	572	474			1		257	0
858	赵媛姜	24	3	316024	3			211024		311023		316024	211012		11003	294	300	300	0	main	572	474			1		257	0
859	张宝	24	3	316024	3			211024		311023		316024	211012		11003	294	300	300	0	main	572	474			1		257	0
860	卞喜	24	3	316024	3			211024		311023		316024	211012		11003	294	300	300	0	main	572	474			1		257	0
861	何仪	24	3	316024	3			211024		311023		316024	211012		11003	294	300	300	0	main	572	474			1		257	0
862	郭太	25	3	415025	3				415025		310025		410024		12296	296	305	305		main	760	568			1		260	0
863	管亥	25	3	415025	3				415025		310025		410024	510014	12296	296	305	305		main	760	568			1		260	0
864	张角	25	3	415025	3				415025		310025		410024	510014	12296	296	305	305	0	main	760	568			1		260	0
865	郝萌	25	3	415025	3				415025		310025		410024	510014	12296	296	305	305	0	main	760	568			1		260	0
866	高顺	25	3	415025	3				415025		310025		410024	510014	12296	296	305	305	0	main	760	568			1		260	0
867	许汜	25	3	415025	3				415025		310025		410024	510014	12296	296	305	305	0	main	760	568			1		260	0
868	魏续	25	3	415025	3				415025		310025		410024	510014	12296	296	305	305	0	main	760	568			1		260	0
869	成廉	25	3	415025	3				415025		310025		410024	510014	12296	296	305	305	0	main	760	568			1		260	0
870	薛兰	25	3	415025	3				415025		310025		410024	510014	12296	296	305	305	0	main	760	568			1		260	0
871	李封	25	3	415025	3				415025		310025		410024	510014	12296	296	305	305	0	main	760	568			1		260	0
872	刘何	25	3	415025	3				415025		310025		410024	510014	12296	296	305	305		main	760	568			1		260	0
873	王楷	25	3	116025	3		116025			211025		411024	511016		12501	298	310	310		main	938	670			1		260	0
874	王贺	25	3	415025	3				415025		310025		410024	510014	12296	296	305	305	0	main	760	568			1		260	0
875	纶直	25	3	116025	3		116025			211025		411024	511016		12501	298	310	310	0	main	938	670			1		260	0
876	侯成	25	3	415025	3				415025		310025		410024	510014	12296	296	305	305	0	main	760	568			1		260	0
877	骆俊	25	3	116025	3		116025			211025		411024	511016		12501	298	310	310	0	main	938	670			1		260	0
878	宋宪	25	3	415025	3				415025		310025		410024	510014	12296	296	305	305	0	main	760	568			1		260	0
879	李封	25	3	116025	3		116025			211025		411024	511016		12501	298	310	310	0	main	938	670			1		260	0
880	魏越	25	3	415025	3				415025		310025		410024	510014	12296	296	305	305	0	main	760	568			1		260	0
881	吕玲绮	25	3	116025	3		116025			211025		411024	511016		12501	298	310	310	0	main	938	670			1		260	0
882	张辽	25	3	116025	3		116025			211025		411024	511016		12501	298	310	310		main	938	670			1		260	0
883	严氏	25	3	116025	3		116025			211025		411024	511016		12501	298	310	310		main	938	670			1		260	0
884	吕布	25	3	116025	3		116025			211025		411024	511016		12501	298	310	310	0	main	938	670			1		260	0
885	舒邵	25	3	116025	3		116025			211025		411024	511016		12501	298	310	310	0	main	938	670			1		260	0
886	苟闻建	25	3	116025	3		116025			211025		411024	511016		12501	298	310	310	0	main	938	670			1		260	0
887	陶丘洪	25	3	116025	3		116025			211025		411024	511016		12501	298	310	310	0	main	938	670			1		260	0
888	韩胤	25	3	116025	3		116025			211025		411024	511016		12501	298	310	310	0	main	938	670			1		260	0
889	俞涉	25	3	116025	3		116025			211025		411024	511016		12501	298	310	310	0	main	938	670			1		260	0
890	苌奴	25	3	116025	3		116025			211025		411024	511016		12501	298	310	310	0	main	938	670			1		260	0
891	诸葛玄	25	3	116025	3		116025			211025		411024	511016		12501	298	310	310	0	main	938	670			1		260	0
892	惠衢	26	3	215026	3			310026	210026	215026	510018				14072	300	315	315		main	1092	802			1		262	0
893	陈纪	26	3	215026	3			310026	210026	215026	510018				14072	300	315	315		main	1092	802			1		262	0
894	刘珐	26	3	215026	3			310026	210026	215026	510018				14072	300	315	315	0	main	1092	802			1		262	0
895	郑浑	26	3	215026	3			310026	210026	215026	510018				14072	300	315	315	0	main	1092	802			1		262	0
896	郑泰	26	3	215026	3			310026	210026	215026	510018				14072	300	315	315	0	main	1092	802			1		262	0
897	桥蕤	26	3	215026	3			310026	210026	215026	510018				14072	300	315	315	0	main	1092	802			1		262	0
898	张天昊	26	3	215026	3			310026	210026	215026	510018				14072	300	315	315	0	main	1092	802			1		262	0
899	李丰	26	3	215026	3			310026	210026	215026	510018				14072	300	315	315	0	main	1092	802			1		262	0
900	纪灵	26	3	215026	3			310026	210026	215026	510018				14072	300	315	315	0	main	1092	802			1		262	0
901	袁耀	26	3	215026	3			310026	210026	215026	510018				14072	300	315	315	0	main	1092	802			1		262	0
902	袁法	24	3	316024	3			211024		311023		316024	211012		11003	294	300	300	0	main	572	474			1		257	0
903	冯氏	24	3	316024	3			211024		311023		316024	211012		11003	294	300	300		main	572	474			1		257	0
904	袁术	24	3	316024	3			211024		311023		316024	211012		11003	294	300	300		main	572	474			1		257	0
905	岑壁	24	3	316024	3			211024		311023		316024	211012		11003	294	300	300	0	main	572	474			1		257	0
906	陈琳	24	3	316024	3			211024		311023		316024	211012		11003	294	300	300	0	main	572	474			1		257	0
907	周昂	24	3	316024	3			211024		311023		316024	211012		11003	294	300	300	0	main	572	474			1		257	0
908	冯礼	24	3	316024	3			211024		311023		316024	211012		11003	294	300	300	0	main	572	474			1		257	0
909	公孙犊	24	3	316024	3			211024		311023		316024	211012		11003	294	300	300	0	main	572	474			1		257	0
910	高平	24	3	316024	3			211024		311023		316024	211012		11003	294	300	300	0	main	572	474			1		257	0
911	沮授	24	3	316024	3			211024		311023		316024	211012		11003	294	300	300	0	main	572	474			1		257	0
912	袁遗	24	3	316024	3			211024		311023		316024	211012		11003	294	300	300	0	main	572	474			1		257	0
913	韩猛	25	3	415025	3				415025		310025		410024		12296	296	305	305		main	760	568			1		260	0
914	韩琼	25	3	415025	3				415025		310025		410024	510014	12296	296	305	305		main	760	568			1		260	0
915	蒋奇	25	3	415025	3				415025		310025		410024	510014	12296	296	305	305	0	main	760	568			1		260	0
916	焦触	25	3	415025	3				415025		310025		410024	510014	12296	296	305	305	0	main	760	568			1		260	0
917	夏昭	25	3	415025	3				415025		310025		410024	510014	12296	296	305	305	0	main	760	568			1		260	0
918	高柔	25	3	415025	3				415025		310025		410024	510014	12296	296	305	305	0	main	760	568			1		260	0
919	辛明	25	3	415025	3				415025		310025		410024	510014	12296	296	305	305	0	main	760	568			1		260	0
920	袁谭	25	3	415025	3				415025		310025		410024	510014	12296	296	305	305	0	main	760	568			1		260	0
921	袁熙	25	3	415025	3				415025		310025		410024	510014	12296	296	305	305	0	main	760	568			1		260	0
922	袁尚	25	3	415025	3				415025		310025		410024	510014	12296	296	305	305	0	main	760	568			1		260	0
923	刘氏	25	3	415025	3				415025		310025		410024	510014	12296	296	305	305		main	760	568			1		260	0
924	袁绍	25	3	116025	3		116025			211025		411024	511016		12501	298	310	310		main	938	670			1		260	0
925	乐何当	25	3	415025	3				415025		310025		410024	510014	12296	296	305	305	0	main	760	568			1		260	0
926	李移子	25	3	116025	3		116025			211025		411024	511016		12501	298	310	310	0	main	938	670			1		260	0
927	刘纬台	25	3	415025	3				415025		310025		410024	510014	12296	296	305	305	0	main	760	568			1		260	0
928	乐白	25	3	116025	3		116025			211025		411024	511016		12501	298	310	310	0	main	938	670			1		260	0
929	郭铄	25	3	415025	3				415025		310025		410024	510014	12296	296	305	305	0	main	760	568			1		260	0
930	张卿	25	3	116025	3		116025			211025		411024	511016		12501	298	310	310	0	main	938	670			1		260	0
931	季雍	25	3	415025	3				415025		310025		410024	510014	12296	296	305	305	0	main	760	568			1		260	0
932	范方	25	3	116025	3		116025			211025		411024	511016		12501	298	310	310	0	main	938	670			1		260	0
933	文则	25	3	116025	3		116025			211025		411024	511016		12501	298	310	310		main	938	670			1		260	0
934	田豫	25	3	116025	3		116025			211025		411024	511016		12501	298	310	310		main	938	670			1		260	0
935	关靖	25	3	116025	3		116025			211025		411024	511016		12501	298	310	310	0	main	938	670			1		260	0
936	邹丹	25	3	116025	3		116025			211025		411024	511016		12501	298	310	310	0	main	938	670			1		260	0
937	单经	25	3	116025	3		116025			211025		411024	511016		12501	298	310	310	0	main	938	670			1		260	0
938	田楷	25	3	116025	3		116025			211025		411024	511016		12501	298	310	310	0	main	938	670			1		260	0
939	严纲	25	3	116025	3		116025			211025		411024	511016		12501	298	310	310	0	main	938	670			1		260	0
940	公孙范	25	3	116025	3		116025			211025		411024	511016		12501	298	310	310	0	main	938	670			1		260	0
941	公孙越	25	3	116025	3		116025			211025		411024	511016		12501	298	310	310	0	main	938	670			1		260	0
942	公孙续	25	3	116025	3		116025			211025		411024	511016		12501	298	310	310	0	main	938	670			1		260	0
943	候氏	26	3	215026	3			310026	210026	215026	510018				14072	300	315	315		main	1092	802			1		262	0
944	公孙瓒	26	3	215026	3			310026	210026	215026	510018				14072	300	315	315		main	1092	802			1		262	0
945	陈应	26	3	215026	3			310026	210026	215026	510018				14072	300	315	315	0	main	1092	802			1		262	0
946	鲍隆	26	3	215026	3			310026	210026	215026	510018				14072	300	315	315	0	main	1092	802			1		262	0
947	宋忠	26	3	215026	3			310026	210026	215026	510018				14072	300	315	315	0	main	1092	802			1		262	0
948	王威	26	3	215026	3			310026	210026	215026	510018				14072	300	315	315	0	main	1092	802			1		262	0
949	傅巽	26	3	215026	3			310026	210026	215026	510018				14072	300	315	315	0	main	1092	802			1		262	0
950	韩嵩	26	3	215026	3			310026	210026	215026	510018				14072	300	315	315	0	main	1092	802			1		262	0
951	张允	26	3	215026	3			310026	210026	215026	510018				14072	300	315	315	0	main	1092	802			1		262	0
952	刘磐	26	3	215026	3			310026	210026	215026	510018				14072	300	315	315	0	main	1092	802			1		262	0
953	李珪	24	3	316024	3			211024		311023		316024	211012		11003	294	300	300	0	main	572	474			1		257	0
954	蒯越	24	3	316024	3			211024		311023		316024	211012		11003	294	300	300		main	572	474			1		257	0
955	杨龄	24	3	316024	3			211024		311023		316024	211012		11003	294	300	300		main	572	474			1		257	0
956	韩玄	24	3	316024	3			211024		311023		316024	211012		11003	294	300	300	0	main	572	474			1		257	0
957	刘度	24	3	316024	3			211024		311023		316024	211012		11003	294	300	300	0	main	572	474			1		257	0
958	刘贤	24	3	316024	3			211024		311023		316024	211012		11003	294	300	300	0	main	572	474			1		257	0
959	赵范	24	3	316024	3			211024		311023		316024	211012		11003	294	300	300	0	main	572	474			1		257	0
960	刘修	24	3	316024	3			211024		311023		316024	211012		11003	294	300	300	0	main	572	474			1		257	0
961	刘琮	24	3	316024	3			211024		311023		316024	211012		11003	294	300	300	0	main	572	474			1		257	0
962	刘琦	24	3	316024	3			211024		311023		316024	211012		11003	294	300	300	0	main	572	474			1		257	0
963	蔡氏	24	3	316024	3			211024		311023		316024	211012		11003	294	300	300	0	main	572	474			1		257	0
964	刘表	25	3	415025	3				415025		310025		410024		12296	296	305	305		main	760	568			1		260	0
965	庞柔	25	3	415025	3				415025		310025		410024	510014	12296	296	305	305		main	760	568			1		260	0
966	庞隽	25	3	415025	3				415025		310025		410024	510014	12296	296	305	305	0	main	760	568			1		260	0
967	马援	25	3	415025	3				415025		310025		410024	510014	12296	296	305	305	0	main	760	568			1		260	0
968	宋建	25	3	415025	3				415025		310025		410024	510014	12296	296	305	305	0	main	760	568			1		260	0
969	柏亥	25	3	415025	3				415025		310025		410024	510014	12296	296	305	305	0	main	760	568			1		260	0
970	马肃	25	3	415025	3				415025		310025		410024	510014	12296	296	305	305	0	main	760	568			1		260	0
971	戴勇	25	3	415025	3				415025		310025		410024	510014	12296	296	305	305	0	main	760	568			1		260	0
972	杨松	25	3	415025	3				415025		310025		410024	510014	12296	296	305	305	0	main	760	568			1		260	0
973	杨柏	25	3	415025	3				415025		310025		410024	510014	12296	296	305	305	0	main	760	568			1		260	0
974	黄奎	25	3	415025	3				415025		310025		410024	510014	12296	296	305	305		main	760	568			1		260	0
975	马岱	25	3	116025	3		116025			211025		411024	511016		12501	298	310	310		main	938	670			1		260	0
976	刘婕	25	3	415025	3				415025		310025		410024	510014	12296	296	305	305	0	main	760	568			1		260	0
977	梁兴	25	3	116025	3		116025			211025		411024	511016		12501	298	310	310	0	main	938	670			1		260	0
978	毛绥	25	3	415025	3				415025		310025		410024	510014	12296	296	305	305	0	main	760	568			1		260	0
979	马铁	25	3	116025	3		116025			211025		411024	511016		12501	298	310	310	0	main	938	670			1		260	0
980	李堪	25	3	415025	3				415025		310025		410024	510014	12296	296	305	305	0	main	760	568			1		260	0
981	许临	25	3	116025	3		116025			211025		411024	511016		12501	298	310	310	0	main	938	670			1		260	0
982	马休	25	3	415025	3				415025		310025		410024	510014	12296	296	305	305	0	main	760	568			1		260	0
983	程氏	25	3	116025	3		116025			211025		411024	511016		12501	298	310	310	0	main	938	670			1		260	0
984	马腾	25	3	116025	3		116025			211025		411024	511016		12501	298	310	310		main	938	670			1		260	0
985	许褚	25	3	116025	3		116025			211025		411024	511016		12501	298	310	310		main	938	670			1		260	0
986	张飞	25	3	116025	3		116025			211025		411024	511016		12501	298	310	310	0	main	938	670			1		260	0
987	关羽	25	3	116025	3		116025			211025		411024	511016		12501	298	310	310	0	main	938	670			1		260	0
988	孙坚	25	3	116025	3		116025			211025		411024	511016		12501	298	310	310	0	main	938	670			1		260	0
989	孙权	25	3	116025	3		116025			211025		411024	511016		12501	298	310	310	0	main	938	670			1		260	0
990	黄盖	25	3	116025	3		116025			211025		411024	511016		12501	298	310	310	0	main	938	670			1		260	0
991	鲁肃	25	3	116025	3		116025			211025		411024	511016		12501	298	310	310	0	main	938	670			1		260	0
992	魏延	25	3	116025	3		116025			211025		411024	511016		12501	298	310	310	0	main	938	670			1		260	0
993	典韦	25	3	116025	3		116025			211025		411024	511016		12501	298	310	310	0	main	938	670			1		260	0
994	夏侯惇	26	3	215026	3			310026	210026	215026	510018				14072	300	315	315		main	1092	802			1		262	0
995	马超	26	3	215026	3			310026	210026	215026	510018				14072	300	315	315		main	1092	802			1		262	0
996	黄忠	26	3	215026	3			310026	210026	215026	510018				14072	300	315	315	0	main	1092	802			1		262	0
997	周瑜	26	3	215026	3			310026	210026	215026	510018				14072	300	315	315	0	main	1092	802			1		262	0
998	赵云	26	3	215026	3			310026	210026	215026	510018				14072	300	315	315	0	main	1092	802			1		262	0
999	诸葛亮	26	3	215026	3			310026	210026	215026	510018				14072	300	315	315	0	main	1092	802			1		262	0
1000	吕布	26	3	215026	3			310026	210026	215026	510018				14072	300	315	315	0	main	1092	802			1		262	0
1001	杨锋	26	3	215026	3			310026	210026	215026	510018				14072	300	315	315	0	main	1092	802			1		262	0
1002	沙摩柯	26	3	215026	3			310026	210026	215026	510018				14072	300	315	315	0	main	1092	802			1		262	0
1003	孟获	26	3	215026	3			310026	210026	215026	510018				14072	300	315	315	0	main	1092	802			1		262	0
