编号	名字	品质	马匹素材	兑换所需马币	出售可得马币	基础攻击	基础物理防御	基础魔法防御	基础血量	攻击成长系数	物理防御成长系数	魔法防御成长系数	血量成长系数	道具套马的概率	最大金币消耗时的套马概率	金币套马的概率1	金币套马的概率2	金币套马的概率3	金币套马的概率4	金币套马的概率5	金币套马的概率6	金币套马的概率7	金币套马的概率8	金币套马的概率9	金币套马的概率10	马匹描述
Id	Name	Quantity	Url	ExchangeHorseCurrency	SellHorseCurrency	Attack	Defence	MagicDefence	Health	AttackFactor	DefenceFactor	MagicDefenceFactor	HealthFactor	MaterialWeight	GoldWeightFinal	GoldWeight1	GoldWeight2	GoldWeight3	GoldWeight4	GoldWeight5	GoldWeight6	GoldWeight7	GoldWeight8	GoldWeight9	GoldWeight10	HorseDescribe
1	赤兔	orange	horse/chi_tu.png	2000	600	2000	1000	1000	1500	1151	1079	1079	1090	9	8	5	5	5	6	6	6	6	7	7	7	鬓发赤红，马首如兔，疾走似烈焰腾空，先随吕布，后属关羽，乃三国第一名驹。
2	的卢	orange	horse/di_lu.png	2000	600	2000	1000	1000	1500	1152	1075	1075	1075	9	8	5	5	5	6	6	6	6	7	7	7	初始被认做妨主之骑。后在檀溪处一跃三丈，救刘备于危难中，遂名动天下。
3	绝影	orange	horse/jue_ying.png	2000	600	2000	1000	1000	1500	1148	1090	1090	1100	9	8	5	5	5	6	6	6	6	7	7	7	奔速奇快，宛城之战中身负三箭，仍负操疾走，直至流矢中眼而倒。曹操亦因其而全活。
4	爪黄飞电	orange	horse/fei_dian.png	2000	600	2000	1000	1000	1500	1153	1075	1075	1075	9	8	5	5	5	6	6	6	6	7	7	7	曹操坐骑，通体雪白，唯独四蹄明黄，身材高大，俊朗异常操唯独在凯旋时才骑乘此马。
5	照夜玉狮子	orange	horse/yu_shi_zi.png	2000	600	2000	1000	1000	1500	1150	1081	1082	1090	9	8	5	5	5	6	6	6	6	7	7	7	赵云坐骑，通体雪白，属龙种，长坂坡战时云落入陷阱，此马一跃而出，救主于危难中。
6	乌云踏雪	orange	horse/ta_xue.png	2000	600	2000	1000	1000	1500	1150	1081	1082	1095	9	8	5	5	5	6	6	6	6	7	7	7	张飞之马，黑毛白蹄。本为关外名驹，秉性刚烈，随张飞征战天下，未尝远离。
7	灰影	orange	horse/hui_ying.png	2000	600	2000	1000	1000	1500	1150	1075	1075	1085	9	8	5	5	5	6	6	6	6	7	7	7	大宛名马，脾气沉稳，奔行时速度奇快，只能隐约看见身影，故名灰影。
8	乌孙	orange	horse/wu_sun.png	2000	600	2000	1000	1000	1500	1153	1070	1070	1075	9	8	5	5	5	6	6	6	6	7	7	7	大宛名马，脾气沉稳，通体乌黑，无有杂色，，为司马懿坐骑，脾气秉性为司马懿所喜。
9	里飞沙	orange	horse/sha_li_fei.png	2000	600	2000	1000	1000	1500	1152	1075	1075	1085	9	8	5	5	5	6	6	6	6	7	7	7	大宛名马，身形高大，喜斗好战。马超曾骑乘此马杀得曹操割须弃袍狼狈逃命。
10	惊帆	orange	horse/jing_fan.png	2000	600	2000	1000	1000	1500	1150	1070	1070	1095	9	8	5	5	5	6	6	6	6	7	7	7	河套名马，耐力惊人，奔行时如行云流水，有驰骤烈风举帆之疾 ，故名惊帆。
11	白鹤	purple	horse/purple_horse_1.png	400	100	1500	700	700	1000	1080	1050	1050	1050	250	300	200	300	300	300	300	250	250	250	250	250	曹洪所属之马，身形高壮，耐力、跃力惊人，时有人言：“凭空虚跃，曹家白鹤。”
12	白鸽	purple	horse/purple_horse_2.png	400	100	1500	700	700	1000	1080	1050	1050	1050	250	300	200	300	300	300	300	250	250	250	250	250	马首如鸽头，双眼灵动有神，全身洁白无异色，气质儒雅高洁，曾为陆逊坐骑。
13	白龙驹	purple	horse/purple_horse_3.png	400	100	1500	700	700	1000	1080	1050	1050	1050	250	300	200	300	300	300	300	250	250	250	250	250	外形俊朗，身有龙角龙鳞状斑纹，是为龙属坐骑，高贵无比。
14	乌骓	purple	horse/purple_horse_4.png	400	100	1500	700	700	1000	1080	1050	1050	1050	250	300	200	300	300	300	300	250	250	250	250	250	霸王项羽坐骑同属马匹，通体乌黑，耐力惊人，骁勇善战，为良将所喜。
15	快航	purple	horse/purple_horse_1.png	400	100	1500	700	700	1000	1080	1050	1050	1050	250	300	200	300	300	300	300	250	250	250	250	250	孙权坐骑之一，高大威武，奔速奇快，宛若江上快行之帆，故以之为名。
16	白浪	purple	horse/purple_horse_2.png	400	100	1500	700	700	1000	1080	1050	1050	1050	250	300	200	300	300	300	300	250	250	250	250	250	三国名马，马匹全身洁白如雪，好静，奔行时如水浪流逝，故而得名。
17	黑云	purple	horse/purple_horse_3.png	400	100	1500	700	700	1000	1080	1050	1050	1050	250	300	200	300	300	300	300	250	250	250	250	250	毛色乌黑，油亮有光彩，奔速奇绝，宛若黑云，故而名之，曾为周泰坐骑。
18	奔雷	purple	horse/purple_horse_4.png	400	100	1500	700	700	1000	1080	1050	1050	1050	250	300	200	300	300	300	300	250	250	250	250	250	大宛名马，奔速极快，行至兴起处，长引吭嘶鸣，势若奔雷，故而名之。
19	白灵	purple	horse/purple_horse_3.png	400	100	1500	700	700	1000	1080	1050	1050	1050	250	300	200	300	300	300	300	250	250	250	250	250	大宛良马，全身雪白，极有灵性，善解人意，马匹小巧，灵巧快捷，为女将所喜。
20	燎原火	purple	horse/purple_horse_4.png	400	100	1500	700	700	1000	1080	1050	1050	1050	250	300	200	300	300	300	300	250	250	250	250	250	大宛良马，脾气刚烈，老而弥坚，与黄忠秉性相投，为黄忠坐骑。
21	军马	blue	horse/green_horse_2.png	100	30	800	300	300	500	1020	1020	1020	1020	1	5	1000	750	600	450	300	200	150	100	50	30	军中精锐战士所用马匹，马匹精壮善战，不惧刀剑。
22	商社马	blue	horse/green_horse_3.png	100	30	800	300	300	500	1020	1020	1020	1020	1	5	1000	750	600	450	300	200	150	100	50	30	民间商社所用马匹，耐力良好，但爆发力不够，多用于商途运输。
23	关外马	blue	horse/green_horse_4.png	100	30	800	300	300	500	1020	1020	1020	1020	1	5	1000	750	600	450	300	200	150	100	50	30	关外良马，后被引入关内，体质优异，为广大军民所喜。
24	西凉马	blue	horse/green_horse_1.png	100	30	800	300	300	500	1020	1020	1020	1020	1	5	1000	750	600	450	300	200	150	100	50	30	西凉马匹，能耐严苛天气，多用作长期商途和军旅征战。
25	辽东马	blue	horse/green_horse_2.png	100	30	800	300	300	500	1020	1020	1020	1020	1	5	1000	750	600	450	300	200	150	100	50	30	辽东马匹，高大雄壮，爆发力惊人，但耐力稍差。长用作短途战事。
26	中原马	blue	horse/green_horse_3.png	100	30	800	300	300	500	1020	1020	1020	1020	1	5	1000	750	600	450	300	200	150	100	50	30	中原地区所产马匹，能适应中原地区地形气候，多为本地人所用。
27	山地马	blue	horse/green_horse_1.png	100	30	800	300	300	500	1020	1020	1020	1020	1	5	1000	750	600	450	300	200	150	100	50	30	特殊马匹，在山地上仍能正常奔行，多为作山旅行人所用。
28	大漠马	blue	horse/green_horse_2.png	100	30	800	300	300	500	1020	1020	1020	1020	1	5	1000	750	600	450	300	200	150	100	50	30	特殊马匹，耐力极强，能适应大漠的严苛环境，是沙漠行人必备坐骑。
29	雪原马	blue	horse/green_horse_3.png	100	30	800	300	300	500	1020	1020	1020	1020	1	5	1000	750	600	450	300	200	150	100	50	30	特殊马匹，在严寒环境中仍能正常奔行，雪原乡民几乎家家皆有所养。
30	草原马	blue	horse/green_horse_4.png	100	30	800	300	300	500	1020	1020	1020	1020	1	5	1000	750	600	450	300	200	150	100	50	30	特殊马匹，比一般马匹更适应草原环境，是牧民的良伴。
31	远行马	blue	horse/green_horse_1.png	100	30	800	300	300	500	1020	1020	1020	1020	1	5	1000	750	600	450	300	200	150	100	50	30	特殊马匹，耐力极强，能适应长距离奔行，但爆发力不足。
32	家养马	blue	horse/green_horse_3.png	100	30	800	300	300	500	1020	1020	1020	1020	1	5	1000	750	600	450	300	200	150	100	50	30	百姓所养马匹，多用于日常生产，无特殊特点。
33	黄鬃马	blue	horse/green_horse_2.png	100	30	800	300	300	500	1020	1020	1020	1020	1	5	1000	750	600	450	300	200	150	100	50	30	普通马匹，因马鬓橙黄色而命名，无特殊特点。
34	黑马	blue	horse/green_horse_3.png	100	30	800	300	300	500	1020	1020	1020	1020	1	5	1000	750	600	450	300	200	150	100	50	30	普通马匹，因全身毛发大多为黑色而取名。
35	白马	blue	horse/green_horse_4.png	100	30	800	300	300	500	1020	1020	1020	1020	1	5	1000	750	600	450	300	200	150	100	50	30	普通马匹，因全身毛发大多为白色而取名。
36	运货马	blue	horse/green_horse_1.png	100	30	800	300	300	500	1020	1020	1020	1020	1	5	1000	750	600	450	300	200	150	100	50	30	普通马匹，多用于民间短途货物运输，无特异之处。
37	白斑马	blue	horse/green_horse_2.png	100	30	800	300	300	500	1020	1020	1020	1020	1	5	1000	750	600	450	300	200	150	100	50	30	普通马匹，因毛发中夹杂有白斑而得名。
38	行军马	blue	horse/green_horse_3.png	100	30	800	300	300	500	1020	1020	1020	1020	1	5	1000	750	600	450	300	200	150	100	50	30	普通军用马匹，常用于行军途中托运军资。
39	次品马	blue	horse/green_horse_4.png	100	30	800	300	300	500	1020	1020	1020	1020	1	5	1000	750	600	450	300	200	150	100	50	30	次等品质马匹，无特异之处，多用于日常普通生活。
40	矮脚马	blue	horse/green_horse_1.png	100	30	800	300	300	500	1020	1020	1020	1020	1	5	1000	750	600	450	300	200	150	100	50	30	普通马匹，马腿较短，适合平时闲游骑乘。
41	跛脚马	blue	horse/green_horse_2.png	100	30	800	300	300	500	1020	1020	1020	1020	1	5	1000	750	600	450	300	200	150	100	50	30	普通马匹，因跛脚缘故，只能做日常简单短途运输使用。
42	幼马	blue	horse/green_horse_3.png	100	30	800	300	300	500	1020	1020	1020	1020	1	5	1000	750	600	450	300	200	150	100	50	30	幼年马匹，只能做基本的轻短途运输和少量生产工作。
