兵种(刀，枪，骑，谋士，红颜)	技能	类型(1:主动，2：被动)	技能等级	技能战斗力系数	技能效果	技能效果参数	技能目标	效果描述	效果持续回合	技能伤害系数	升级Tips	战斗力附加值
Soldier	Skill	Type	Level	FightForceFactor	Effect	Param	IsSelf	Desc	Round	Damage	Tips	ExtraFightForce
1	1	1	1	120	strongatk	0	0	对敌方单体造成120%的伤害，且本方剩余武将越少伤害越高		120	下一级：对目标造成的伤害提高至124%	20
1	1	1	2	124	strongatk	0	0	对敌方单体造成124%的伤害，且本方剩余武将越少伤害越高		124	下一级：对目标造成的伤害提高至128%	40
1	1	1	3	128	strongatk	0	0	对敌方单体造成128%的伤害，且本方剩余武将越少伤害越高		128	下一级：对目标造成的伤害提高至132%	60
1	1	1	4	132	strongatk	0	0	对敌方单体造成132%的伤害，且本方剩余武将越少伤害越高		132	下一级：对目标造成的伤害提高至136%	80
1	1	1	5	136	strongatk	0	0	对敌方单体造成136%的伤害，且本方剩余武将越少伤害越高		136	下一级：对目标造成的伤害提高至140%	100
1	1	1	6	140	strongatk	0	0	对敌方单体造成140%的伤害，且本方剩余武将越少伤害越高		140	下一级：对目标造成的伤害提高至144%	120
1	1	1	7	144	strongatk	0	0	对敌方单体造成144%的伤害，且本方剩余武将越少伤害越高		144	下一级：对目标造成的伤害提高至148%	140
1	1	1	8	148	strongatk	0	0	对敌方单体造成148%的伤害，且本方剩余武将越少伤害越高		148	下一级：对目标造成的伤害提高至152%	160
1	1	1	9	152	strongatk	0	0	对敌方单体造成152%的伤害，且本方剩余武将越少伤害越高		152	下一级：对目标造成的伤害提高至156%	180
1	1	1	10	156	strongatk	0	0	对敌方单体造成156%的伤害，且本方剩余武将越少伤害越高		156	下一级：对目标造成的伤害提高至160%	200
1	1	1	11	160	strongatk	0	0	对敌方单体造成160%的伤害，且本方剩余武将越少伤害越高		160	下一级：对目标造成的伤害提高至164%	220
1	1	1	12	164	strongatk	0	0	对敌方单体造成164%的伤害，且本方剩余武将越少伤害越高		164	下一级：对目标造成的伤害提高至168%	240
1	1	1	13	168	strongatk	0	0	对敌方单体造成168%的伤害，且本方剩余武将越少伤害越高		168	下一级：对目标造成的伤害提高至172%	260
1	1	1	14	172	strongatk	0	0	对敌方单体造成172%的伤害，且本方剩余武将越少伤害越高		172	下一级：对目标造成的伤害提高至176%	280
1	1	1	15	176	strongatk	0	0	对敌方单体造成176%的伤害，且本方剩余武将越少伤害越高		176	下一级：对目标造成的伤害提高至180%	300
1	1	1	16	180	strongatk	0	0	对敌方单体造成180%的伤害，且本方剩余武将越少伤害越高		180	下一级：对目标造成的伤害提高至184%	320
1	1	1	17	184	strongatk	0	0	对敌方单体造成184%的伤害，且本方剩余武将越少伤害越高		184	下一级：对目标造成的伤害提高至188%	340
1	1	1	18	188	strongatk	0	0	对敌方单体造成188%的伤害，且本方剩余武将越少伤害越高		188	下一级：对目标造成的伤害提高至192%	360
1	1	1	19	192	strongatk	0	0	对敌方单体造成192%的伤害，且本方剩余武将越少伤害越高		192	下一级：对目标造成的伤害提高至196%	380
1	1	1	20	196	strongatk	0	0	对敌方单体造成196%的伤害，且本方剩余武将越少伤害越高		196	下一级：对目标造成的伤害提高至200%	400
1	1	1	21	200	strongatk	0	0	对敌方单体造成200%的伤害，且本方剩余武将越少伤害越高		200	下一级：对目标造成的伤害提高至204%	420
1	1	1	22	204	strongatk	0	0	对敌方单体造成204%的伤害，且本方剩余武将越少伤害越高		204	下一级：对目标造成的伤害提高至208%	440
1	1	1	23	208	strongatk	0	0	对敌方单体造成208%的伤害，且本方剩余武将越少伤害越高		208	下一级：对目标造成的伤害提高至212%	460
1	1	1	24	212	strongatk	0	0	对敌方单体造成212%的伤害，且本方剩余武将越少伤害越高		212	下一级：对目标造成的伤害提高至216%	480
1	1	1	25	216	strongatk	0	0	对敌方单体造成216%的伤害，且本方剩余武将越少伤害越高		216	下一级：对目标造成的伤害提高至220%	500
1	1	1	26	220	strongatk	0	0	对敌方单体造成220%的伤害，且本方剩余武将越少伤害越高		220	下一级：对目标造成的伤害提高至224%	520
1	1	1	27	224	strongatk	0	0	对敌方单体造成224%的伤害，且本方剩余武将越少伤害越高		224	下一级：对目标造成的伤害提高至228%	540
1	1	1	28	228	strongatk	0	0	对敌方单体造成228%的伤害，且本方剩余武将越少伤害越高		228	下一级：对目标造成的伤害提高至232%	560
1	1	1	29	232	strongatk	0	0	对敌方单体造成232%的伤害，且本方剩余武将越少伤害越高		232	下一级：对目标造成的伤害提高至236%	580
1	1	1	30	236	strongatk	0	0	对敌方单体造成236%的伤害，且本方剩余武将越少伤害越高		236	下一级：对目标造成的伤害提高至240%	600
1	1	1	31	240	strongatk	0	0	对敌方单体造成240%的伤害，且本方剩余武将越少伤害越高		240	下一级：对目标造成的伤害提高至244%	620
1	1	1	32	244	strongatk	0	0	对敌方单体造成244%的伤害，且本方剩余武将越少伤害越高		244	下一级：对目标造成的伤害提高至248%	640
1	1	1	33	248	strongatk	0	0	对敌方单体造成248%的伤害，且本方剩余武将越少伤害越高		248	下一级：对目标造成的伤害提高至252%	660
1	1	1	34	252	strongatk	0	0	对敌方单体造成252%的伤害，且本方剩余武将越少伤害越高		252	下一级：对目标造成的伤害提高至256%	680
1	1	1	35	256	strongatk	0	0	对敌方单体造成256%的伤害，且本方剩余武将越少伤害越高		256	下一级：对目标造成的伤害提高至260%	700
1	1	1	36	260	strongatk	0	0	对敌方单体造成260%的伤害，且本方剩余武将越少伤害越高		260	下一级：对目标造成的伤害提高至264%	720
1	1	1	37	264	strongatk	0	0	对敌方单体造成264%的伤害，且本方剩余武将越少伤害越高		264	下一级：对目标造成的伤害提高至268%	740
1	1	1	38	268	strongatk	0	0	对敌方单体造成268%的伤害，且本方剩余武将越少伤害越高		268	下一级：对目标造成的伤害提高至272%	760
1	1	1	39	272	strongatk	0	0	对敌方单体造成272%的伤害，且本方剩余武将越少伤害越高		272	下一级：对目标造成的伤害提高至276%	780
1	1	1	40	276	strongatk	0	0	对敌方单体造成276%的伤害，且本方剩余武将越少伤害越高		276	下一级：对目标造成的伤害提高至280%	800
1	1	1	41	280	strongatk	0	0	对敌方单体造成280%的伤害，且本方剩余武将越少伤害越高		280	下一级：对目标造成的伤害提高至284%	820
1	1	1	42	284	strongatk	0	0	对敌方单体造成284%的伤害，且本方剩余武将越少伤害越高		284	下一级：对目标造成的伤害提高至288%	840
1	1	1	43	288	strongatk	0	0	对敌方单体造成288%的伤害，且本方剩余武将越少伤害越高		288	下一级：对目标造成的伤害提高至292%	860
1	1	1	44	292	strongatk	0	0	对敌方单体造成292%的伤害，且本方剩余武将越少伤害越高		292	下一级：对目标造成的伤害提高至296%	880
1	1	1	45	296	strongatk	0	0	对敌方单体造成296%的伤害，且本方剩余武将越少伤害越高		296	下一级：对目标造成的伤害提高至300%	900
1	1	1	46	300	strongatk	0	0	对敌方单体造成300%的伤害，且本方剩余武将越少伤害越高		300	下一级：对目标造成的伤害提高至304%	920
1	1	1	47	304	strongatk	0	0	对敌方单体造成304%的伤害，且本方剩余武将越少伤害越高		304	下一级：对目标造成的伤害提高至308%	940
1	1	1	48	308	strongatk	0	0	对敌方单体造成308%的伤害，且本方剩余武将越少伤害越高		308	下一级：对目标造成的伤害提高至312%	960
1	1	1	49	312	strongatk	0	0	对敌方单体造成312%的伤害，且本方剩余武将越少伤害越高		312	下一级：对目标造成的伤害提高至316%	980
1	1	1	50	316	strongatk	0	0	对敌方单体造成316%的伤害，且本方剩余武将越少伤害越高		316	已升到最高级	1000
1	2	2	1	0	block	50	0	永久提高刀兵50点格挡，格挡可将受到伤害降低50%			下一级：永久提高刀兵100点格挡	20
1	2	2	2	0	block	100	0	永久提高刀兵100点格挡，格挡可将受到伤害降低50%			下一级：永久提高刀兵150点格挡	40
1	2	2	3	0	block	150	0	永久提高刀兵150点格挡，格挡可将受到伤害降低50%			下一级：永久提高刀兵200点格挡	60
1	2	2	4	0	block	200	0	永久提高刀兵200点格挡，格挡可将受到伤害降低50%			下一级：永久提高刀兵250点格挡	80
1	2	2	5	0	block	250	0	永久提高刀兵250点格挡，格挡可将受到伤害降低50%			下一级：永久提高刀兵300点格挡	100
1	2	2	6	0	block	300	0	永久提高刀兵300点格挡，格挡可将受到伤害降低50%			下一级：永久提高刀兵350点格挡	120
1	2	2	7	0	block	350	0	永久提高刀兵350点格挡，格挡可将受到伤害降低50%			下一级：永久提高刀兵400点格挡	140
1	2	2	8	0	block	400	0	永久提高刀兵400点格挡，格挡可将受到伤害降低50%			下一级：永久提高刀兵450点格挡	160
1	2	2	9	0	block	450	0	永久提高刀兵450点格挡，格挡可将受到伤害降低50%			下一级：永久提高刀兵500点格挡	180
1	2	2	10	0	block	500	0	永久提高刀兵500点格挡，格挡可将受到伤害降低50%			下一级：永久提高刀兵550点格挡	200
1	2	2	11	0	block	550	0	永久提高刀兵550点格挡，格挡可将受到伤害降低50%			下一级：永久提高刀兵600点格挡	220
1	2	2	12	0	block	600	0	永久提高刀兵600点格挡，格挡可将受到伤害降低50%			下一级：永久提高刀兵650点格挡	240
1	2	2	13	0	block	650	0	永久提高刀兵650点格挡，格挡可将受到伤害降低50%			下一级：永久提高刀兵700点格挡	260
1	2	2	14	0	block	700	0	永久提高刀兵700点格挡，格挡可将受到伤害降低50%			下一级：永久提高刀兵750点格挡	280
1	2	2	15	0	block	750	0	永久提高刀兵750点格挡，格挡可将受到伤害降低50%			下一级：永久提高刀兵800点格挡	300
1	2	2	16	0	block	800	0	永久提高刀兵800点格挡，格挡可将受到伤害降低50%			下一级：永久提高刀兵850点格挡	320
1	2	2	17	0	block	850	0	永久提高刀兵850点格挡，格挡可将受到伤害降低50%			下一级：永久提高刀兵900点格挡	340
1	2	2	18	0	block	900	0	永久提高刀兵900点格挡，格挡可将受到伤害降低50%			下一级：永久提高刀兵950点格挡	360
1	2	2	19	0	block	950	0	永久提高刀兵950点格挡，格挡可将受到伤害降低50%			下一级：永久提高刀兵1000点格挡	380
1	2	2	20	0	block	1000	0	永久提高刀兵1000点格挡，格挡可将受到伤害降低50%			下一级：永久提高刀兵1050点格挡	400
1	2	2	21	0	block	1050	0	永久提高刀兵1050点格挡，格挡可将受到伤害降低50%			下一级：永久提高刀兵1100点格挡	420
1	2	2	22	0	block	1100	0	永久提高刀兵1100点格挡，格挡可将受到伤害降低50%			下一级：永久提高刀兵1150点格挡	440
1	2	2	23	0	block	1150	0	永久提高刀兵1150点格挡，格挡可将受到伤害降低50%			下一级：永久提高刀兵1200点格挡	460
1	2	2	24	0	block	1200	0	永久提高刀兵1200点格挡，格挡可将受到伤害降低50%			下一级：永久提高刀兵1250点格挡	480
1	2	2	25	0	block	1250	0	永久提高刀兵1250点格挡，格挡可将受到伤害降低50%			下一级：永久提高刀兵1300点格挡	500
1	2	2	26	0	block	1300	0	永久提高刀兵1300点格挡，格挡可将受到伤害降低50%			下一级：永久提高刀兵1350点格挡	520
1	2	2	27	0	block	1350	0	永久提高刀兵1350点格挡，格挡可将受到伤害降低50%			下一级：永久提高刀兵1400点格挡	540
1	2	2	28	0	block	1400	0	永久提高刀兵1400点格挡，格挡可将受到伤害降低50%			下一级：永久提高刀兵1450点格挡	560
1	2	2	29	0	block	1450	0	永久提高刀兵1450点格挡，格挡可将受到伤害降低50%			下一级：永久提高刀兵1500点格挡	580
1	2	2	30	0	block	1500	0	永久提高刀兵1500点格挡，格挡可将受到伤害降低50%			下一级：永久提高刀兵1550点格挡	600
1	2	2	31	0	block	1550	0	永久提高刀兵1550点格挡，格挡可将受到伤害降低50%			下一级：永久提高刀兵1600点格挡	620
1	2	2	32	0	block	1600	0	永久提高刀兵1600点格挡，格挡可将受到伤害降低50%			下一级：永久提高刀兵1650点格挡	640
1	2	2	33	0	block	1650	0	永久提高刀兵1650点格挡，格挡可将受到伤害降低50%			下一级：永久提高刀兵1700点格挡	660
1	2	2	34	0	block	1700	0	永久提高刀兵1700点格挡，格挡可将受到伤害降低50%			下一级：永久提高刀兵1750点格挡	680
1	2	2	35	0	block	1750	0	永久提高刀兵1750点格挡，格挡可将受到伤害降低50%			下一级：永久提高刀兵1800点格挡	700
1	2	2	36	0	block	1800	0	永久提高刀兵1800点格挡，格挡可将受到伤害降低50%			下一级：永久提高刀兵1850点格挡	720
1	2	2	37	0	block	1850	0	永久提高刀兵1850点格挡，格挡可将受到伤害降低50%			下一级：永久提高刀兵1900点格挡	740
1	2	2	38	0	block	1900	0	永久提高刀兵1900点格挡，格挡可将受到伤害降低50%			下一级：永久提高刀兵1950点格挡	760
1	2	2	39	0	block	1950	0	永久提高刀兵1950点格挡，格挡可将受到伤害降低50%			下一级：永久提高刀兵2000点格挡	780
1	2	2	40	0	block	2000	0	永久提高刀兵2000点格挡，格挡可将受到伤害降低50%			下一级：永久提高刀兵2050点格挡	800
1	2	2	41	0	block	2050	0	永久提高刀兵2050点格挡，格挡可将受到伤害降低50%			下一级：永久提高刀兵2100点格挡	820
1	2	2	42	0	block	2100	0	永久提高刀兵2100点格挡，格挡可将受到伤害降低50%			下一级：永久提高刀兵2150点格挡	840
1	2	2	43	0	block	2150	0	永久提高刀兵2150点格挡，格挡可将受到伤害降低50%			下一级：永久提高刀兵2200点格挡	860
1	2	2	44	0	block	2200	0	永久提高刀兵2200点格挡，格挡可将受到伤害降低50%			下一级：永久提高刀兵2250点格挡	880
1	2	2	45	0	block	2250	0	永久提高刀兵2250点格挡，格挡可将受到伤害降低50%			下一级：永久提高刀兵2300点格挡	900
1	2	2	46	0	block	2300	0	永久提高刀兵2300点格挡，格挡可将受到伤害降低50%			下一级：永久提高刀兵2350点格挡	920
1	2	2	47	0	block	2350	0	永久提高刀兵2350点格挡，格挡可将受到伤害降低50%			下一级：永久提高刀兵2400点格挡	940
1	2	2	48	0	block	2400	0	永久提高刀兵2400点格挡，格挡可将受到伤害降低50%			下一级：永久提高刀兵2450点格挡	960
1	2	2	49	0	block	2450	0	永久提高刀兵2450点格挡，格挡可将受到伤害降低50%			下一级：永久提高刀兵2500点格挡	980
1	2	2	50	0	block	2500	0	永久提高刀兵2500点格挡，格挡可将受到伤害降低50%			已升到最高级	1000
1	3	1	1	120	atktransdef	100	0	对敌方单体造成140%的伤害，并将自身武力转化为武防	1	140	下一级：对目标造成的伤害提高至142%	20
1	3	1	2	124	atktransdef	100	0	对敌方单体造成142%的伤害，并将自身武力转化为武防	1	142	下一级：对目标造成的伤害提高至144%	40
1	3	1	3	128	atktransdef	100	0	对敌方单体造成144%的伤害，并将自身武力转化为武防	1	144	下一级：对目标造成的伤害提高至146%	60
1	3	1	4	132	atktransdef	100	0	对敌方单体造成146%的伤害，并将自身武力转化为武防	1	146	下一级：对目标造成的伤害提高至148%	80
1	3	1	5	136	atktransdef	100	0	对敌方单体造成148%的伤害，并将自身武力转化为武防	1	148	下一级：对目标造成的伤害提高至150%	100
1	3	1	6	140	atktransdef	100	0	对敌方单体造成150%的伤害，并将自身武力转化为武防	1	150	下一级：对目标造成的伤害提高至152%	120
1	3	1	7	144	atktransdef	100	0	对敌方单体造成152%的伤害，并将自身武力转化为武防	1	152	下一级：对目标造成的伤害提高至154%	140
1	3	1	8	148	atktransdef	100	0	对敌方单体造成154%的伤害，并将自身武力转化为武防	1	154	下一级：对目标造成的伤害提高至156%	160
1	3	1	9	152	atktransdef	100	0	对敌方单体造成156%的伤害，并将自身武力转化为武防	1	156	下一级：对目标造成的伤害提高至158%	180
1	3	1	10	156	atktransdef	100	0	对敌方单体造成158%的伤害，并将自身武力转化为武防	1	158	下一级：对目标造成的伤害提高至160%	200
1	3	1	11	160	atktransdef	100	0	对敌方单体造成160%的伤害，并将自身武力转化为武防	1	160	下一级：对目标造成的伤害提高至162%	220
1	3	1	12	164	atktransdef	100	0	对敌方单体造成162%的伤害，并将自身武力转化为武防	1	162	下一级：对目标造成的伤害提高至164%	240
1	3	1	13	168	atktransdef	100	0	对敌方单体造成164%的伤害，并将自身武力转化为武防	1	164	下一级：对目标造成的伤害提高至166%	260
1	3	1	14	172	atktransdef	100	0	对敌方单体造成166%的伤害，并将自身武力转化为武防	1	166	下一级：对目标造成的伤害提高至168%	280
1	3	1	15	176	atktransdef	100	0	对敌方单体造成168%的伤害，并将自身武力转化为武防	1	168	下一级：对目标造成的伤害提高至170%	300
1	3	1	16	180	atktransdef	100	0	对敌方单体造成170%的伤害，并将自身武力转化为武防	1	170	下一级：对目标造成的伤害提高至172%	320
1	3	1	17	184	atktransdef	100	0	对敌方单体造成172%的伤害，并将自身武力转化为武防	1	172	下一级：对目标造成的伤害提高至174%	340
1	3	1	18	188	atktransdef	100	0	对敌方单体造成174%的伤害，并将自身武力转化为武防	1	174	下一级：对目标造成的伤害提高至176%	360
1	3	1	19	192	atktransdef	100	0	对敌方单体造成176%的伤害，并将自身武力转化为武防	1	176	下一级：对目标造成的伤害提高至178%	380
1	3	1	20	196	atktransdef	100	0	对敌方单体造成178%的伤害，并将自身武力转化为武防	1	178	下一级：对目标造成的伤害提高至180%	400
1	3	1	21	200	atktransdef	100	0	对敌方单体造成180%的伤害，并将自身武力转化为武防	1	180	下一级：对目标造成的伤害提高至182%	420
1	3	1	22	204	atktransdef	100	0	对敌方单体造成182%的伤害，并将自身武力转化为武防	1	182	下一级：对目标造成的伤害提高至184%	440
1	3	1	23	208	atktransdef	100	0	对敌方单体造成184%的伤害，并将自身武力转化为武防	1	184	下一级：对目标造成的伤害提高至186%	460
1	3	1	24	212	atktransdef	100	0	对敌方单体造成186%的伤害，并将自身武力转化为武防	1	186	下一级：对目标造成的伤害提高至188%	480
1	3	1	25	216	atktransdef	100	0	对敌方单体造成188%的伤害，并将自身武力转化为武防	1	188	下一级：对目标造成的伤害提高至190%	500
1	3	1	26	220	atktransdef	100	0	对敌方单体造成190%的伤害，并将自身武力转化为武防	1	190	下一级：对目标造成的伤害提高至192%	520
1	3	1	27	224	atktransdef	100	0	对敌方单体造成192%的伤害，并将自身武力转化为武防	1	192	下一级：对目标造成的伤害提高至194%	540
1	3	1	28	228	atktransdef	100	0	对敌方单体造成194%的伤害，并将自身武力转化为武防	1	194	下一级：对目标造成的伤害提高至196%	560
1	3	1	29	232	atktransdef	100	0	对敌方单体造成196%的伤害，并将自身武力转化为武防	1	196	下一级：对目标造成的伤害提高至198%	580
1	3	1	30	236	atktransdef	100	0	对敌方单体造成198%的伤害，并将自身武力转化为武防	1	198	下一级：对目标造成的伤害提高至200%	600
1	3	1	31	240	atktransdef	100	0	对敌方单体造成200%的伤害，并将自身武力转化为武防	1	200	下一级：对目标造成的伤害提高至202%	620
1	3	1	32	244	atktransdef	100	0	对敌方单体造成202%的伤害，并将自身武力转化为武防	1	202	下一级：对目标造成的伤害提高至204%	640
1	3	1	33	248	atktransdef	100	0	对敌方单体造成204%的伤害，并将自身武力转化为武防	1	204	下一级：对目标造成的伤害提高至206%	660
1	3	1	34	252	atktransdef	100	0	对敌方单体造成206%的伤害，并将自身武力转化为武防	1	206	下一级：对目标造成的伤害提高至208%	680
1	3	1	35	256	atktransdef	100	0	对敌方单体造成208%的伤害，并将自身武力转化为武防	1	208	下一级：对目标造成的伤害提高至210%	700
1	3	1	36	260	atktransdef	100	0	对敌方单体造成210%的伤害，并将自身武力转化为武防	1	210	下一级：对目标造成的伤害提高至212%	720
1	3	1	37	264	atktransdef	100	0	对敌方单体造成212%的伤害，并将自身武力转化为武防	1	212	下一级：对目标造成的伤害提高至214%	740
1	3	1	38	268	atktransdef	100	0	对敌方单体造成214%的伤害，并将自身武力转化为武防	1	214	下一级：对目标造成的伤害提高至216%	760
1	3	1	39	272	atktransdef	100	0	对敌方单体造成216%的伤害，并将自身武力转化为武防	1	216	下一级：对目标造成的伤害提高至218%	780
1	3	1	40	276	atktransdef	100	0	对敌方单体造成218%的伤害，并将自身武力转化为武防	1	218	下一级：对目标造成的伤害提高至220%	800
1	3	1	41	280	atktransdef	100	0	对敌方单体造成220%的伤害，并将自身武力转化为武防	1	220	下一级：对目标造成的伤害提高至222%	820
1	3	1	42	284	atktransdef	100	0	对敌方单体造成222%的伤害，并将自身武力转化为武防	1	222	下一级：对目标造成的伤害提高至224%	840
1	3	1	43	288	atktransdef	100	0	对敌方单体造成224%的伤害，并将自身武力转化为武防	1	224	下一级：对目标造成的伤害提高至226%	860
1	3	1	44	292	atktransdef	100	0	对敌方单体造成226%的伤害，并将自身武力转化为武防	1	226	下一级：对目标造成的伤害提高至228%	880
1	3	1	45	296	atktransdef	100	0	对敌方单体造成228%的伤害，并将自身武力转化为武防	1	228	下一级：对目标造成的伤害提高至230%	900
1	3	1	46	300	atktransdef	100	0	对敌方单体造成230%的伤害，并将自身武力转化为武防	1	230	下一级：对目标造成的伤害提高至232%	920
1	3	1	47	304	atktransdef	100	0	对敌方单体造成232%的伤害，并将自身武力转化为武防	1	232	下一级：对目标造成的伤害提高至234%	940
1	3	1	48	308	atktransdef	100	0	对敌方单体造成234%的伤害，并将自身武力转化为武防	1	234	下一级：对目标造成的伤害提高至236%	960
1	3	1	49	312	atktransdef	100	0	对敌方单体造成236%的伤害，并将自身武力转化为武防	1	236	下一级：对目标造成的伤害提高至238%	980
1	3	1	50	316	atktransdef	100	0	对敌方单体造成238%的伤害，并将自身武力转化为武防	1	238	已升到最高级	1000
1	4	2	1	0	fortitude	50	0	永久提高刀兵50点刚毅，刚毅可降低受到暴击的几率			下一级：永久提高刀兵100点刚毅	20
1	4	2	2	0	fortitude	100	0	永久提高刀兵100点刚毅，刚毅可降低受到暴击的几率			下一级：永久提高刀兵150点刚毅	40
1	4	2	3	0	fortitude	150	0	永久提高刀兵150点刚毅，刚毅可降低受到暴击的几率			下一级：永久提高刀兵200点刚毅	60
1	4	2	4	0	fortitude	200	0	永久提高刀兵200点刚毅，刚毅可降低受到暴击的几率			下一级：永久提高刀兵250点刚毅	80
1	4	2	5	0	fortitude	250	0	永久提高刀兵250点刚毅，刚毅可降低受到暴击的几率			下一级：永久提高刀兵300点刚毅	100
1	4	2	6	0	fortitude	300	0	永久提高刀兵300点刚毅，刚毅可降低受到暴击的几率			下一级：永久提高刀兵350点刚毅	120
1	4	2	7	0	fortitude	350	0	永久提高刀兵350点刚毅，刚毅可降低受到暴击的几率			下一级：永久提高刀兵400点刚毅	140
1	4	2	8	0	fortitude	400	0	永久提高刀兵400点刚毅，刚毅可降低受到暴击的几率			下一级：永久提高刀兵450点刚毅	160
1	4	2	9	0	fortitude	450	0	永久提高刀兵450点刚毅，刚毅可降低受到暴击的几率			下一级：永久提高刀兵500点刚毅	180
1	4	2	10	0	fortitude	500	0	永久提高刀兵500点刚毅，刚毅可降低受到暴击的几率			下一级：永久提高刀兵550点刚毅	200
1	4	2	11	0	fortitude	550	0	永久提高刀兵550点刚毅，刚毅可降低受到暴击的几率			下一级：永久提高刀兵600点刚毅	220
1	4	2	12	0	fortitude	600	0	永久提高刀兵600点刚毅，刚毅可降低受到暴击的几率			下一级：永久提高刀兵650点刚毅	240
1	4	2	13	0	fortitude	650	0	永久提高刀兵650点刚毅，刚毅可降低受到暴击的几率			下一级：永久提高刀兵700点刚毅	260
1	4	2	14	0	fortitude	700	0	永久提高刀兵700点刚毅，刚毅可降低受到暴击的几率			下一级：永久提高刀兵750点刚毅	280
1	4	2	15	0	fortitude	750	0	永久提高刀兵750点刚毅，刚毅可降低受到暴击的几率			下一级：永久提高刀兵800点刚毅	300
1	4	2	16	0	fortitude	800	0	永久提高刀兵800点刚毅，刚毅可降低受到暴击的几率			下一级：永久提高刀兵850点刚毅	320
1	4	2	17	0	fortitude	850	0	永久提高刀兵850点刚毅，刚毅可降低受到暴击的几率			下一级：永久提高刀兵900点刚毅	340
1	4	2	18	0	fortitude	900	0	永久提高刀兵900点刚毅，刚毅可降低受到暴击的几率			下一级：永久提高刀兵950点刚毅	360
1	4	2	19	0	fortitude	950	0	永久提高刀兵950点刚毅，刚毅可降低受到暴击的几率			下一级：永久提高刀兵1000点刚毅	380
1	4	2	20	0	fortitude	1000	0	永久提高刀兵1000点刚毅，刚毅可降低受到暴击的几率			下一级：永久提高刀兵1050点刚毅	400
1	4	2	21	0	fortitude	1050	0	永久提高刀兵1050点刚毅，刚毅可降低受到暴击的几率			下一级：永久提高刀兵1100点刚毅	420
1	4	2	22	0	fortitude	1100	0	永久提高刀兵1100点刚毅，刚毅可降低受到暴击的几率			下一级：永久提高刀兵1150点刚毅	440
1	4	2	23	0	fortitude	1150	0	永久提高刀兵1150点刚毅，刚毅可降低受到暴击的几率			下一级：永久提高刀兵1200点刚毅	460
1	4	2	24	0	fortitude	1200	0	永久提高刀兵1200点刚毅，刚毅可降低受到暴击的几率			下一级：永久提高刀兵1250点刚毅	480
1	4	2	25	0	fortitude	1250	0	永久提高刀兵1250点刚毅，刚毅可降低受到暴击的几率			下一级：永久提高刀兵1300点刚毅	500
1	4	2	26	0	fortitude	1300	0	永久提高刀兵1300点刚毅，刚毅可降低受到暴击的几率			下一级：永久提高刀兵1350点刚毅	520
1	4	2	27	0	fortitude	1350	0	永久提高刀兵1350点刚毅，刚毅可降低受到暴击的几率			下一级：永久提高刀兵1400点刚毅	540
1	4	2	28	0	fortitude	1400	0	永久提高刀兵1400点刚毅，刚毅可降低受到暴击的几率			下一级：永久提高刀兵1450点刚毅	560
1	4	2	29	0	fortitude	1450	0	永久提高刀兵1450点刚毅，刚毅可降低受到暴击的几率			下一级：永久提高刀兵1500点刚毅	580
1	4	2	30	0	fortitude	1500	0	永久提高刀兵1500点刚毅，刚毅可降低受到暴击的几率			下一级：永久提高刀兵1550点刚毅	600
1	4	2	31	0	fortitude	1550	0	永久提高刀兵1550点刚毅，刚毅可降低受到暴击的几率			下一级：永久提高刀兵1600点刚毅	620
1	4	2	32	0	fortitude	1600	0	永久提高刀兵1600点刚毅，刚毅可降低受到暴击的几率			下一级：永久提高刀兵1650点刚毅	640
1	4	2	33	0	fortitude	1650	0	永久提高刀兵1650点刚毅，刚毅可降低受到暴击的几率			下一级：永久提高刀兵1700点刚毅	660
1	4	2	34	0	fortitude	1700	0	永久提高刀兵1700点刚毅，刚毅可降低受到暴击的几率			下一级：永久提高刀兵1750点刚毅	680
1	4	2	35	0	fortitude	1750	0	永久提高刀兵1750点刚毅，刚毅可降低受到暴击的几率			下一级：永久提高刀兵1800点刚毅	700
1	4	2	36	0	fortitude	1800	0	永久提高刀兵1800点刚毅，刚毅可降低受到暴击的几率			下一级：永久提高刀兵1850点刚毅	720
1	4	2	37	0	fortitude	1850	0	永久提高刀兵1850点刚毅，刚毅可降低受到暴击的几率			下一级：永久提高刀兵1900点刚毅	740
1	4	2	38	0	fortitude	1900	0	永久提高刀兵1900点刚毅，刚毅可降低受到暴击的几率			下一级：永久提高刀兵1950点刚毅	760
1	4	2	39	0	fortitude	1950	0	永久提高刀兵1950点刚毅，刚毅可降低受到暴击的几率			下一级：永久提高刀兵2000点刚毅	780
1	4	2	40	0	fortitude	2000	0	永久提高刀兵2000点刚毅，刚毅可降低受到暴击的几率			下一级：永久提高刀兵2050点刚毅	800
1	4	2	41	0	fortitude	2050	0	永久提高刀兵2050点刚毅，刚毅可降低受到暴击的几率			下一级：永久提高刀兵2100点刚毅	820
1	4	2	42	0	fortitude	2100	0	永久提高刀兵2100点刚毅，刚毅可降低受到暴击的几率			下一级：永久提高刀兵2150点刚毅	840
1	4	2	43	0	fortitude	2150	0	永久提高刀兵2150点刚毅，刚毅可降低受到暴击的几率			下一级：永久提高刀兵2200点刚毅	860
1	4	2	44	0	fortitude	2200	0	永久提高刀兵2200点刚毅，刚毅可降低受到暴击的几率			下一级：永久提高刀兵2250点刚毅	880
1	4	2	45	0	fortitude	2250	0	永久提高刀兵2250点刚毅，刚毅可降低受到暴击的几率			下一级：永久提高刀兵2300点刚毅	900
1	4	2	46	0	fortitude	2300	0	永久提高刀兵2300点刚毅，刚毅可降低受到暴击的几率			下一级：永久提高刀兵2350点刚毅	920
1	4	2	47	0	fortitude	2350	0	永久提高刀兵2350点刚毅，刚毅可降低受到暴击的几率			下一级：永久提高刀兵2400点刚毅	940
1	4	2	48	0	fortitude	2400	0	永久提高刀兵2400点刚毅，刚毅可降低受到暴击的几率			下一级：永久提高刀兵2450点刚毅	960
1	4	2	49	0	fortitude	2450	0	永久提高刀兵2450点刚毅，刚毅可降低受到暴击的几率			下一级：永久提高刀兵2500点刚毅	980
1	4	2	50	0	fortitude	2500	0	永久提高刀兵2500点刚毅，刚毅可降低受到暴击的几率			已升到最高级	1000
1	5	1	1	120	rehurt	20	0	目标单体伤害100%，1回合内拥有护盾反伤20%	1	100	下一级：单体伤害提高至102%，反伤提高至21%	20
1	5	1	2	124	rehurt	21	0	目标单体伤害102%，1回合内拥有护盾反伤21%	1	102	下一级：单体伤害提高至104%，反伤提高至22%	40
1	5	1	3	128	rehurt	22	0	目标单体伤害104%，1回合内拥有护盾反伤22%	1	104	下一级：单体伤害提高至106%，反伤提高至23%	60
1	5	1	4	132	rehurt	23	0	目标单体伤害106%，1回合内拥有护盾反伤23%	1	106	下一级：单体伤害提高至108%，反伤提高至24%	80
1	5	1	5	136	rehurt	24	0	目标单体伤害108%，1回合内拥有护盾反伤24%	1	108	下一级：单体伤害提高至110%，反伤提高至25%	100
1	5	1	6	140	rehurt	25	0	目标单体伤害110%，1回合内拥有护盾反伤25%	1	110	下一级：单体伤害提高至112%，反伤提高至26%	120
1	5	1	7	144	rehurt	26	0	目标单体伤害112%，1回合内拥有护盾反伤26%	1	112	下一级：单体伤害提高至114%，反伤提高至27%	140
1	5	1	8	148	rehurt	27	0	目标单体伤害114%，1回合内拥有护盾反伤27%	1	114	下一级：单体伤害提高至116%，反伤提高至28%	160
1	5	1	9	152	rehurt	28	0	目标单体伤害116%，1回合内拥有护盾反伤28%	1	116	下一级：单体伤害提高至118%，反伤提高至29%	180
1	5	1	10	156	rehurt	29	0	目标单体伤害118%，1回合内拥有护盾反伤29%	1	118	下一级：单体伤害提高至120%，反伤提高至30%	200
1	5	1	11	160	rehurt	30	0	目标单体伤害120%，1回合内拥有护盾反伤30%	1	120	下一级：单体伤害提高至122%，反伤提高至31%	220
1	5	1	12	164	rehurt	31	0	目标单体伤害122%，1回合内拥有护盾反伤31%	1	122	下一级：单体伤害提高至124%，反伤提高至32%	240
1	5	1	13	168	rehurt	32	0	目标单体伤害124%，1回合内拥有护盾反伤32%	1	124	下一级：单体伤害提高至126%，反伤提高至33%	260
1	5	1	14	172	rehurt	33	0	目标单体伤害126%，1回合内拥有护盾反伤33%	1	126	下一级：单体伤害提高至128%，反伤提高至34%	280
1	5	1	15	176	rehurt	34	0	目标单体伤害128%，1回合内拥有护盾反伤34%	1	128	下一级：单体伤害提高至130%，反伤提高至35%	300
1	5	1	16	180	rehurt	35	0	目标单体伤害130%，1回合内拥有护盾反伤35%	1	130	下一级：单体伤害提高至132%，反伤提高至36%	320
1	5	1	17	184	rehurt	36	0	目标单体伤害132%，1回合内拥有护盾反伤36%	1	132	下一级：单体伤害提高至134%，反伤提高至37%	340
1	5	1	18	188	rehurt	37	0	目标单体伤害134%，1回合内拥有护盾反伤37%	1	134	下一级：单体伤害提高至136%，反伤提高至38%	360
1	5	1	19	192	rehurt	38	0	目标单体伤害136%，1回合内拥有护盾反伤38%	1	136	下一级：单体伤害提高至138%，反伤提高至39%	380
1	5	1	20	196	rehurt	39	0	目标单体伤害138%，1回合内拥有护盾反伤39%	1	138	下一级：单体伤害提高至140%，反伤提高至40%	400
1	5	1	21	200	rehurt	40	0	目标单体伤害140%，1回合内拥有护盾反伤40%	1	140	下一级：单体伤害提高至142%，反伤提高至41%	420
1	5	1	22	204	rehurt	41	0	目标单体伤害142%，1回合内拥有护盾反伤41%	1	142	下一级：单体伤害提高至144%，反伤提高至42%	440
1	5	1	23	208	rehurt	42	0	目标单体伤害144%，1回合内拥有护盾反伤42%	1	144	下一级：单体伤害提高至146%，反伤提高至43%	460
1	5	1	24	212	rehurt	43	0	目标单体伤害146%，1回合内拥有护盾反伤43%	1	146	下一级：单体伤害提高至148%，反伤提高至44%	480
1	5	1	25	216	rehurt	44	0	目标单体伤害148%，1回合内拥有护盾反伤44%	1	148	下一级：单体伤害提高至150%，反伤提高至45%	500
1	5	1	26	220	rehurt	45	0	目标单体伤害150%，1回合内拥有护盾反伤45%	1	150	下一级：单体伤害提高至152%，反伤提高至46%	520
1	5	1	27	224	rehurt	46	0	目标单体伤害152%，1回合内拥有护盾反伤46%	1	152	下一级：单体伤害提高至154%，反伤提高至47%	540
1	5	1	28	228	rehurt	47	0	目标单体伤害154%，1回合内拥有护盾反伤47%	1	154	下一级：单体伤害提高至156%，反伤提高至48%	560
1	5	1	29	232	rehurt	48	0	目标单体伤害156%，1回合内拥有护盾反伤48%	1	156	下一级：单体伤害提高至158%，反伤提高至49%	580
1	5	1	30	236	rehurt	49	0	目标单体伤害158%，1回合内拥有护盾反伤49%	1	158	下一级：单体伤害提高至160%，反伤提高至50%	600
1	5	1	31	240	rehurt	50	0	目标单体伤害160%，1回合内拥有护盾反伤50%	1	160	下一级：单体伤害提高至162%，反伤提高至51%	620
1	5	1	32	244	rehurt	51	0	目标单体伤害162%，1回合内拥有护盾反伤51%	1	162	下一级：单体伤害提高至164%，反伤提高至52%	640
1	5	1	33	248	rehurt	52	0	目标单体伤害164%，1回合内拥有护盾反伤52%	1	164	下一级：单体伤害提高至166%，反伤提高至53%	660
1	5	1	34	252	rehurt	53	0	目标单体伤害166%，1回合内拥有护盾反伤53%	1	166	下一级：单体伤害提高至168%，反伤提高至54%	680
1	5	1	35	256	rehurt	54	0	目标单体伤害168%，1回合内拥有护盾反伤54%	1	168	下一级：单体伤害提高至170%，反伤提高至55%	700
1	5	1	36	260	rehurt	55	0	目标单体伤害170%，1回合内拥有护盾反伤55%	1	170	下一级：单体伤害提高至172%，反伤提高至56%	720
1	5	1	37	264	rehurt	56	0	目标单体伤害172%，1回合内拥有护盾反伤56%	1	172	下一级：单体伤害提高至174%，反伤提高至57%	740
1	5	1	38	268	rehurt	57	0	目标单体伤害174%，1回合内拥有护盾反伤57%	1	174	下一级：单体伤害提高至176%，反伤提高至58%	760
1	5	1	39	272	rehurt	58	0	目标单体伤害176%，1回合内拥有护盾反伤58%	1	176	下一级：单体伤害提高至178%，反伤提高至59%	780
1	5	1	40	276	rehurt	59	0	目标单体伤害178%，1回合内拥有护盾反伤59%	1	178	下一级：单体伤害提高至180%，反伤提高至60%	800
1	5	1	41	280	rehurt	60	0	目标单体伤害180%，1回合内拥有护盾反伤60%	1	180	下一级：单体伤害提高至182%，反伤提高至61%	820
1	5	1	42	284	rehurt	61	0	目标单体伤害182%，1回合内拥有护盾反伤61%	1	182	下一级：单体伤害提高至184%，反伤提高至62%	840
1	5	1	43	288	rehurt	62	0	目标单体伤害184%，1回合内拥有护盾反伤62%	1	184	下一级：单体伤害提高至186%，反伤提高至63%	860
1	5	1	44	292	rehurt	63	0	目标单体伤害186%，1回合内拥有护盾反伤63%	1	186	下一级：单体伤害提高至188%，反伤提高至64%	880
1	5	1	45	296	rehurt	64	0	目标单体伤害188%，1回合内拥有护盾反伤64%	1	188	下一级：单体伤害提高至190%，反伤提高至65%	900
1	5	1	46	300	rehurt	65	0	目标单体伤害190%，1回合内拥有护盾反伤65%	1	190	下一级：单体伤害提高至192%，反伤提高至66%	920
1	5	1	47	304	rehurt	66	0	目标单体伤害192%，1回合内拥有护盾反伤66%	1	192	下一级：单体伤害提高至194%，反伤提高至67%	940
1	5	1	48	308	rehurt	67	0	目标单体伤害194%，1回合内拥有护盾反伤67%	1	194	下一级：单体伤害提高至196%，反伤提高至68%	960
1	5	1	49	312	rehurt	68	0	目标单体伤害196%，1回合内拥有护盾反伤68%	1	196	下一级：单体伤害提高至198%，反伤提高至69%	980
1	5	1	50	316	rehurt	69	0	目标单体伤害198%，1回合内拥有护盾反伤69%	1	198	已升到最高级	1000
2	1	1	1	120	continueatk	100	0	凝聚全身所有力量，对敌方单体造成120%的伤害		120	下一级：单体伤害提高至124%	20
2	1	1	2	124	continueatk	100	0	凝聚全身所有力量，对敌方单体造成124%的伤害		124	下一级：单体伤害提高至128%	40
2	1	1	3	128	continueatk	100	0	凝聚全身所有力量，对敌方单体造成128%的伤害		128	下一级：单体伤害提高至132%	60
2	1	1	4	132	continueatk	100	0	凝聚全身所有力量，对敌方单体造成132%的伤害		132	下一级：单体伤害提高至136%	80
2	1	1	5	136	continueatk	100	0	凝聚全身所有力量，对敌方单体造成136%的伤害		136	下一级：单体伤害提高至140%	100
2	1	1	6	140	continueatk	100	0	凝聚全身所有力量，对敌方单体造成140%的伤害		140	下一级：单体伤害提高至144%	120
2	1	1	7	144	continueatk	100	0	凝聚全身所有力量，对敌方单体造成144%的伤害		144	下一级：单体伤害提高至148%	140
2	1	1	8	148	continueatk	100	0	凝聚全身所有力量，对敌方单体造成148%的伤害		148	下一级：单体伤害提高至152%	160
2	1	1	9	152	continueatk	100	0	凝聚全身所有力量，对敌方单体造成152%的伤害		152	下一级：单体伤害提高至156%	180
2	1	1	10	156	continueatk	100	0	凝聚全身所有力量，对敌方单体造成156%的伤害		156	下一级：单体伤害提高至160%	200
2	1	1	11	160	continueatk	100	0	凝聚全身所有力量，对敌方单体造成160%的伤害		160	下一级：单体伤害提高至164%	220
2	1	1	12	164	continueatk	100	0	凝聚全身所有力量，对敌方单体造成164%的伤害		164	下一级：单体伤害提高至168%	240
2	1	1	13	168	continueatk	100	0	凝聚全身所有力量，对敌方单体造成168%的伤害		168	下一级：单体伤害提高至172%	260
2	1	1	14	172	continueatk	100	0	凝聚全身所有力量，对敌方单体造成172%的伤害		172	下一级：单体伤害提高至176%	280
2	1	1	15	176	continueatk	100	0	凝聚全身所有力量，对敌方单体造成176%的伤害		176	下一级：单体伤害提高至180%	300
2	1	1	16	180	continueatk	100	0	凝聚全身所有力量，对敌方单体造成180%的伤害		180	下一级：单体伤害提高至184%	320
2	1	1	17	184	continueatk	100	0	凝聚全身所有力量，对敌方单体造成184%的伤害		184	下一级：单体伤害提高至188%	340
2	1	1	18	188	continueatk	100	0	凝聚全身所有力量，对敌方单体造成188%的伤害		188	下一级：单体伤害提高至192%	360
2	1	1	19	192	continueatk	100	0	凝聚全身所有力量，对敌方单体造成192%的伤害		192	下一级：单体伤害提高至196%	380
2	1	1	20	196	continueatk	100	0	凝聚全身所有力量，对敌方单体造成196%的伤害		196	下一级：单体伤害提高至200%	400
2	1	1	21	200	continueatk	100	0	凝聚全身所有力量，对敌方单体造成200%的伤害		200	下一级：单体伤害提高至204%	420
2	1	1	22	204	continueatk	100	0	凝聚全身所有力量，对敌方单体造成204%的伤害		204	下一级：单体伤害提高至208%	440
2	1	1	23	208	continueatk	100	0	凝聚全身所有力量，对敌方单体造成208%的伤害		208	下一级：单体伤害提高至212%	460
2	1	1	24	212	continueatk	100	0	凝聚全身所有力量，对敌方单体造成212%的伤害		212	下一级：单体伤害提高至216%	480
2	1	1	25	216	continueatk	100	0	凝聚全身所有力量，对敌方单体造成216%的伤害		216	下一级：单体伤害提高至220%	500
2	1	1	26	220	continueatk	100	0	凝聚全身所有力量，对敌方单体造成220%的伤害		220	下一级：单体伤害提高至224%	520
2	1	1	27	224	continueatk	100	0	凝聚全身所有力量，对敌方单体造成224%的伤害		224	下一级：单体伤害提高至228%	540
2	1	1	28	228	continueatk	100	0	凝聚全身所有力量，对敌方单体造成228%的伤害		228	下一级：单体伤害提高至232%	560
2	1	1	29	232	continueatk	100	0	凝聚全身所有力量，对敌方单体造成232%的伤害		232	下一级：单体伤害提高至236%	580
2	1	1	30	236	continueatk	100	0	凝聚全身所有力量，对敌方单体造成236%的伤害		236	下一级：单体伤害提高至240%	600
2	1	1	31	240	continueatk	100	0	凝聚全身所有力量，对敌方单体造成240%的伤害		240	下一级：单体伤害提高至244%	620
2	1	1	32	244	continueatk	100	0	凝聚全身所有力量，对敌方单体造成244%的伤害		244	下一级：单体伤害提高至248%	640
2	1	1	33	248	continueatk	100	0	凝聚全身所有力量，对敌方单体造成248%的伤害		248	下一级：单体伤害提高至252%	660
2	1	1	34	252	continueatk	100	0	凝聚全身所有力量，对敌方单体造成252%的伤害		252	下一级：单体伤害提高至256%	680
2	1	1	35	256	continueatk	100	0	凝聚全身所有力量，对敌方单体造成256%的伤害		256	下一级：单体伤害提高至260%	700
2	1	1	36	260	continueatk	100	0	凝聚全身所有力量，对敌方单体造成260%的伤害		260	下一级：单体伤害提高至264%	720
2	1	1	37	264	continueatk	100	0	凝聚全身所有力量，对敌方单体造成264%的伤害		264	下一级：单体伤害提高至268%	740
2	1	1	38	268	continueatk	100	0	凝聚全身所有力量，对敌方单体造成268%的伤害		268	下一级：单体伤害提高至272%	760
2	1	1	39	272	continueatk	100	0	凝聚全身所有力量，对敌方单体造成272%的伤害		272	下一级：单体伤害提高至276%	780
2	1	1	40	276	continueatk	100	0	凝聚全身所有力量，对敌方单体造成276%的伤害		276	下一级：单体伤害提高至280%	800
2	1	1	41	280	continueatk	100	0	凝聚全身所有力量，对敌方单体造成280%的伤害		280	下一级：单体伤害提高至284%	820
2	1	1	42	284	continueatk	100	0	凝聚全身所有力量，对敌方单体造成284%的伤害		284	下一级：单体伤害提高至288%	840
2	1	1	43	288	continueatk	100	0	凝聚全身所有力量，对敌方单体造成288%的伤害		288	下一级：单体伤害提高至292%	860
2	1	1	44	292	continueatk	100	0	凝聚全身所有力量，对敌方单体造成292%的伤害		292	下一级：单体伤害提高至296%	880
2	1	1	45	296	continueatk	100	0	凝聚全身所有力量，对敌方单体造成296%的伤害		296	下一级：单体伤害提高至300%	900
2	1	1	46	300	continueatk	100	0	凝聚全身所有力量，对敌方单体造成300%的伤害		300	下一级：单体伤害提高至304%	920
2	1	1	47	304	continueatk	100	0	凝聚全身所有力量，对敌方单体造成304%的伤害		304	下一级：单体伤害提高至308%	940
2	1	1	48	308	continueatk	100	0	凝聚全身所有力量，对敌方单体造成308%的伤害		308	下一级：单体伤害提高至312%	960
2	1	1	49	312	continueatk	100	0	凝聚全身所有力量，对敌方单体造成312%的伤害		312	下一级：单体伤害提高至316%	980
2	1	1	50	316	continueatk	100	0	凝聚全身所有力量，对敌方单体造成316%的伤害		316	已升到最高级	1000
2	2	2	1	0	critdamage	50	0	永久提高枪兵50点暴击，暴击造成的伤害为普通攻击的150%			下一级：永久提高枪兵100点暴击	20
2	2	2	2	0	critdamage	100	0	永久提高枪兵100点暴击，暴击造成的伤害为普通攻击的150%			下一级：永久提高枪兵150点暴击	40
2	2	2	3	0	critdamage	150	0	永久提高枪兵150点暴击，暴击造成的伤害为普通攻击的150%			下一级：永久提高枪兵200点暴击	60
2	2	2	4	0	critdamage	200	0	永久提高枪兵200点暴击，暴击造成的伤害为普通攻击的150%			下一级：永久提高枪兵250点暴击	80
2	2	2	5	0	critdamage	250	0	永久提高枪兵250点暴击，暴击造成的伤害为普通攻击的150%			下一级：永久提高枪兵300点暴击	100
2	2	2	6	0	critdamage	300	0	永久提高枪兵300点暴击，暴击造成的伤害为普通攻击的150%			下一级：永久提高枪兵350点暴击	120
2	2	2	7	0	critdamage	350	0	永久提高枪兵350点暴击，暴击造成的伤害为普通攻击的150%			下一级：永久提高枪兵400点暴击	140
2	2	2	8	0	critdamage	400	0	永久提高枪兵400点暴击，暴击造成的伤害为普通攻击的150%			下一级：永久提高枪兵450点暴击	160
2	2	2	9	0	critdamage	450	0	永久提高枪兵450点暴击，暴击造成的伤害为普通攻击的150%			下一级：永久提高枪兵500点暴击	180
2	2	2	10	0	critdamage	500	0	永久提高枪兵500点暴击，暴击造成的伤害为普通攻击的150%			下一级：永久提高枪兵550点暴击	200
2	2	2	11	0	critdamage	550	0	永久提高枪兵550点暴击，暴击造成的伤害为普通攻击的150%			下一级：永久提高枪兵600点暴击	220
2	2	2	12	0	critdamage	600	0	永久提高枪兵600点暴击，暴击造成的伤害为普通攻击的150%			下一级：永久提高枪兵650点暴击	240
2	2	2	13	0	critdamage	650	0	永久提高枪兵650点暴击，暴击造成的伤害为普通攻击的150%			下一级：永久提高枪兵700点暴击	260
2	2	2	14	0	critdamage	700	0	永久提高枪兵700点暴击，暴击造成的伤害为普通攻击的150%			下一级：永久提高枪兵750点暴击	280
2	2	2	15	0	critdamage	750	0	永久提高枪兵750点暴击，暴击造成的伤害为普通攻击的150%			下一级：永久提高枪兵800点暴击	300
2	2	2	16	0	critdamage	800	0	永久提高枪兵800点暴击，暴击造成的伤害为普通攻击的150%			下一级：永久提高枪兵850点暴击	320
2	2	2	17	0	critdamage	850	0	永久提高枪兵850点暴击，暴击造成的伤害为普通攻击的150%			下一级：永久提高枪兵900点暴击	340
2	2	2	18	0	critdamage	900	0	永久提高枪兵900点暴击，暴击造成的伤害为普通攻击的150%			下一级：永久提高枪兵950点暴击	360
2	2	2	19	0	critdamage	950	0	永久提高枪兵950点暴击，暴击造成的伤害为普通攻击的150%			下一级：永久提高枪兵1000点暴击	380
2	2	2	20	0	critdamage	1000	0	永久提高枪兵1000点暴击，暴击造成的伤害为普通攻击的150%			下一级：永久提高枪兵1050点暴击	400
2	2	2	21	0	critdamage	1050	0	永久提高枪兵1050点暴击，暴击造成的伤害为普通攻击的150%			下一级：永久提高枪兵1100点暴击	420
2	2	2	22	0	critdamage	1100	0	永久提高枪兵1100点暴击，暴击造成的伤害为普通攻击的150%			下一级：永久提高枪兵1150点暴击	440
2	2	2	23	0	critdamage	1150	0	永久提高枪兵1150点暴击，暴击造成的伤害为普通攻击的150%			下一级：永久提高枪兵1200点暴击	460
2	2	2	24	0	critdamage	1200	0	永久提高枪兵1200点暴击，暴击造成的伤害为普通攻击的150%			下一级：永久提高枪兵1250点暴击	480
2	2	2	25	0	critdamage	1250	0	永久提高枪兵1250点暴击，暴击造成的伤害为普通攻击的150%			下一级：永久提高枪兵1300点暴击	500
2	2	2	26	0	critdamage	1300	0	永久提高枪兵1300点暴击，暴击造成的伤害为普通攻击的150%			下一级：永久提高枪兵1350点暴击	520
2	2	2	27	0	critdamage	1350	0	永久提高枪兵1350点暴击，暴击造成的伤害为普通攻击的150%			下一级：永久提高枪兵1400点暴击	540
2	2	2	28	0	critdamage	1400	0	永久提高枪兵1400点暴击，暴击造成的伤害为普通攻击的150%			下一级：永久提高枪兵1450点暴击	560
2	2	2	29	0	critdamage	1450	0	永久提高枪兵1450点暴击，暴击造成的伤害为普通攻击的150%			下一级：永久提高枪兵1500点暴击	580
2	2	2	30	0	critdamage	1500	0	永久提高枪兵1500点暴击，暴击造成的伤害为普通攻击的150%			下一级：永久提高枪兵1550点暴击	600
2	2	2	31	0	critdamage	1550	0	永久提高枪兵1550点暴击，暴击造成的伤害为普通攻击的150%			下一级：永久提高枪兵1600点暴击	620
2	2	2	32	0	critdamage	1600	0	永久提高枪兵1600点暴击，暴击造成的伤害为普通攻击的150%			下一级：永久提高枪兵1650点暴击	640
2	2	2	33	0	critdamage	1650	0	永久提高枪兵1650点暴击，暴击造成的伤害为普通攻击的150%			下一级：永久提高枪兵1700点暴击	660
2	2	2	34	0	critdamage	1700	0	永久提高枪兵1700点暴击，暴击造成的伤害为普通攻击的150%			下一级：永久提高枪兵1750点暴击	680
2	2	2	35	0	critdamage	1750	0	永久提高枪兵1750点暴击，暴击造成的伤害为普通攻击的150%			下一级：永久提高枪兵1800点暴击	700
2	2	2	36	0	critdamage	1800	0	永久提高枪兵1800点暴击，暴击造成的伤害为普通攻击的150%			下一级：永久提高枪兵1850点暴击	720
2	2	2	37	0	critdamage	1850	0	永久提高枪兵1850点暴击，暴击造成的伤害为普通攻击的150%			下一级：永久提高枪兵1900点暴击	740
2	2	2	38	0	critdamage	1900	0	永久提高枪兵1900点暴击，暴击造成的伤害为普通攻击的150%			下一级：永久提高枪兵1950点暴击	760
2	2	2	39	0	critdamage	1950	0	永久提高枪兵1950点暴击，暴击造成的伤害为普通攻击的150%			下一级：永久提高枪兵2000点暴击	780
2	2	2	40	0	critdamage	2000	0	永久提高枪兵2000点暴击，暴击造成的伤害为普通攻击的150%			下一级：永久提高枪兵2050点暴击	800
2	2	2	41	0	critdamage	2050	0	永久提高枪兵2050点暴击，暴击造成的伤害为普通攻击的150%			下一级：永久提高枪兵2100点暴击	820
2	2	2	42	0	critdamage	2100	0	永久提高枪兵2100点暴击，暴击造成的伤害为普通攻击的150%			下一级：永久提高枪兵2150点暴击	840
2	2	2	43	0	critdamage	2150	0	永久提高枪兵2150点暴击，暴击造成的伤害为普通攻击的150%			下一级：永久提高枪兵2200点暴击	860
2	2	2	44	0	critdamage	2200	0	永久提高枪兵2200点暴击，暴击造成的伤害为普通攻击的150%			下一级：永久提高枪兵2250点暴击	880
2	2	2	45	0	critdamage	2250	0	永久提高枪兵2250点暴击，暴击造成的伤害为普通攻击的150%			下一级：永久提高枪兵2300点暴击	900
2	2	2	46	0	critdamage	2300	0	永久提高枪兵2300点暴击，暴击造成的伤害为普通攻击的150%			下一级：永久提高枪兵2350点暴击	920
2	2	2	47	0	critdamage	2350	0	永久提高枪兵2350点暴击，暴击造成的伤害为普通攻击的150%			下一级：永久提高枪兵2400点暴击	940
2	2	2	48	0	critdamage	2400	0	永久提高枪兵2400点暴击，暴击造成的伤害为普通攻击的150%			下一级：永久提高枪兵2450点暴击	960
2	2	2	49	0	critdamage	2450	0	永久提高枪兵2450点暴击，暴击造成的伤害为普通攻击的150%			下一级：永久提高枪兵2500点暴击	980
2	2	2	50	0	critdamage	2500	0	永久提高枪兵2500点暴击，暴击造成的伤害为普通攻击的150%			已升到最高级	1000
2	3	1	1	120	atkrow	0	0	对横向目标造成70%的伤害，最多可对三个武将造成伤害		70	下一级：对目标造成的伤害提高至72%	20
2	3	1	2	124	atkrow	0	0	对横向目标造成72%的伤害，最多可对三个武将造成伤害		72	下一级：对目标造成的伤害提高至74%	40
2	3	1	3	128	atkrow	0	0	对横向所有目标造成74%的伤害，最多可对三个武将造成伤害		74	下一级：对目标造成的伤害提高至76%	60
2	3	1	4	132	atkrow	0	0	对横向所有目标造成76%的伤害，最多可对三个武将造成伤害		76	下一级：对目标造成的伤害提高至78%	80
2	3	1	5	136	atkrow	0	0	对横向所有目标造成78%的伤害，最多可对三个武将造成伤害		78	下一级：对目标造成的伤害提高至80%	100
2	3	1	6	140	atkrow	0	0	对横向所有目标造成80%的伤害，最多可对三个武将造成伤害		80	下一级：对目标造成的伤害提高至82%	120
2	3	1	7	144	atkrow	0	0	对横向所有目标造成82%的伤害，最多可对三个武将造成伤害		82	下一级：对目标造成的伤害提高至84%	140
2	3	1	8	148	atkrow	0	0	对横向所有目标造成84%的伤害，最多可对三个武将造成伤害		84	下一级：对目标造成的伤害提高至86%	160
2	3	1	9	152	atkrow	0	0	对横向所有目标造成86%的伤害，最多可对三个武将造成伤害		86	下一级：对目标造成的伤害提高至88%	180
2	3	1	10	156	atkrow	0	0	对横向所有目标造成88%的伤害，最多可对三个武将造成伤害		88	下一级：对目标造成的伤害提高至90%	200
2	3	1	11	160	atkrow	0	0	对横向所有目标造成90%的伤害，最多可对三个武将造成伤害		90	下一级：对目标造成的伤害提高至92%	220
2	3	1	12	164	atkrow	0	0	对横向所有目标造成92%的伤害，最多可对三个武将造成伤害		92	下一级：对目标造成的伤害提高至94%	240
2	3	1	13	168	atkrow	0	0	对横向所有目标造成94%的伤害，最多可对三个武将造成伤害		94	下一级：对目标造成的伤害提高至96%	260
2	3	1	14	172	atkrow	0	0	对横向所有目标造成96%的伤害，最多可对三个武将造成伤害		96	下一级：对目标造成的伤害提高至98%	280
2	3	1	15	176	atkrow	0	0	对横向所有目标造成98%的伤害，最多可对三个武将造成伤害		98	下一级：对目标造成的伤害提高至100%	300
2	3	1	16	180	atkrow	0	0	对横向所有目标造成100%的伤害，最多可对三个武将造成伤害		100	下一级：对目标造成的伤害提高至102%	320
2	3	1	17	184	atkrow	0	0	对横向所有目标造成102%的伤害，最多可对三个武将造成伤害		102	下一级：对目标造成的伤害提高至104%	340
2	3	1	18	188	atkrow	0	0	对横向所有目标造成104%的伤害，最多可对三个武将造成伤害		104	下一级：对目标造成的伤害提高至106%	360
2	3	1	19	192	atkrow	0	0	对横向所有目标造成106%的伤害，最多可对三个武将造成伤害		106	下一级：对目标造成的伤害提高至108%	380
2	3	1	20	196	atkrow	0	0	对横向所有目标造成108%的伤害，最多可对三个武将造成伤害		108	下一级：对目标造成的伤害提高至110%	400
2	3	1	21	200	atkrow	0	0	对横向所有目标造成110%的伤害，最多可对三个武将造成伤害		110	下一级：对目标造成的伤害提高至112%	420
2	3	1	22	204	atkrow	0	0	对横向所有目标造成112%的伤害，最多可对三个武将造成伤害		112	下一级：对目标造成的伤害提高至114%	440
2	3	1	23	208	atkrow	0	0	对横向所有目标造成114%的伤害，最多可对三个武将造成伤害		114	下一级：对目标造成的伤害提高至116%	460
2	3	1	24	212	atkrow	0	0	对横向所有目标造成116%的伤害，最多可对三个武将造成伤害		116	下一级：对目标造成的伤害提高至118%	480
2	3	1	25	216	atkrow	0	0	对横向所有目标造成118%的伤害，最多可对三个武将造成伤害		118	下一级：对目标造成的伤害提高至120%	500
2	3	1	26	220	atkrow	0	0	对横向所有目标造成120%的伤害，最多可对三个武将造成伤害		120	下一级：对目标造成的伤害提高至122%	520
2	3	1	27	224	atkrow	0	0	对横向所有目标造成122%的伤害，最多可对三个武将造成伤害		122	下一级：对目标造成的伤害提高至124%	540
2	3	1	28	228	atkrow	0	0	对横向所有目标造成124%的伤害，最多可对三个武将造成伤害		124	下一级：对目标造成的伤害提高至126%	560
2	3	1	29	232	atkrow	0	0	对横向所有目标造成126%的伤害，最多可对三个武将造成伤害		126	下一级：对目标造成的伤害提高至128%	580
2	3	1	30	236	atkrow	0	0	对横向所有目标造成128%的伤害，最多可对三个武将造成伤害		128	下一级：对目标造成的伤害提高至130%	600
2	3	1	31	240	atkrow	0	0	对横向所有目标造成130%的伤害，最多可对三个武将造成伤害		130	下一级：对目标造成的伤害提高至132%	620
2	3	1	32	244	atkrow	0	0	对横向所有目标造成132%的伤害，最多可对三个武将造成伤害		132	下一级：对目标造成的伤害提高至134%	640
2	3	1	33	248	atkrow	0	0	对横向所有目标造成134%的伤害，最多可对三个武将造成伤害		134	下一级：对目标造成的伤害提高至136%	660
2	3	1	34	252	atkrow	0	0	对横向所有目标造成136%的伤害，最多可对三个武将造成伤害		136	下一级：对目标造成的伤害提高至138%	680
2	3	1	35	256	atkrow	0	0	对横向所有目标造成138%的伤害，最多可对三个武将造成伤害		138	下一级：对目标造成的伤害提高至140%	700
2	3	1	36	260	atkrow	0	0	对横向所有目标造成140%的伤害，最多可对三个武将造成伤害		140	下一级：对目标造成的伤害提高至142%	720
2	3	1	37	264	atkrow	0	0	对横向所有目标造成142%的伤害，最多可对三个武将造成伤害		142	下一级：对目标造成的伤害提高至144%	740
2	3	1	38	268	atkrow	0	0	对横向所有目标造成144%的伤害，最多可对三个武将造成伤害		144	下一级：对目标造成的伤害提高至146%	760
2	3	1	39	272	atkrow	0	0	对横向所有目标造成146%的伤害，最多可对三个武将造成伤害		146	下一级：对目标造成的伤害提高至148%	780
2	3	1	40	276	atkrow	0	0	对横向所有目标造成148%的伤害，最多可对三个武将造成伤害		148	下一级：对目标造成的伤害提高至150%	800
2	3	1	41	280	atkrow	0	0	对横向所有目标造成150%的伤害，最多可对三个武将造成伤害		150	下一级：对目标造成的伤害提高至152%	820
2	3	1	42	284	atkrow	0	0	对横向所有目标造成152%的伤害，最多可对三个武将造成伤害		152	下一级：对目标造成的伤害提高至154%	840
2	3	1	43	288	atkrow	0	0	对横向所有目标造成154%的伤害，最多可对三个武将造成伤害		154	下一级：对目标造成的伤害提高至156%	860
2	3	1	44	292	atkrow	0	0	对横向所有目标造成156%的伤害，最多可对三个武将造成伤害		156	下一级：对目标造成的伤害提高至158%	880
2	3	1	45	296	atkrow	0	0	对横向所有目标造成158%的伤害，最多可对三个武将造成伤害		158	下一级：对目标造成的伤害提高至160%	900
2	3	1	46	300	atkrow	0	0	对横向所有目标造成160%的伤害，最多可对三个武将造成伤害		160	下一级：对目标造成的伤害提高至162%	920
2	3	1	47	304	atkrow	0	0	对横向所有目标造成162%的伤害，最多可对三个武将造成伤害		162	下一级：对目标造成的伤害提高至164%	940
2	3	1	48	308	atkrow	0	0	对横向所有目标造成164%的伤害，最多可对三个武将造成伤害		164	下一级：对目标造成的伤害提高至166%	960
2	3	1	49	312	atkrow	0	0	对横向所有目标造成166%的伤害，最多可对三个武将造成伤害		166	下一级：对目标造成的伤害提高至168%	980
2	3	1	50	316	atkrow	0	0	对横向所有目标造成168%的伤害，最多可对三个武将造成伤害		168	已升到最高级	1000
2	4	2	1	0	hit	50	0	永久提高枪兵50点命中，命中可降低对方的闪避几率			下一级：永久提高枪兵100点命中	20
2	4	2	2	0	hit	100	0	永久提高枪兵100点命中，命中可降低对方的闪避几率			下一级：永久提高枪兵150点命中	40
2	4	2	3	0	hit	150	0	永久提高枪兵150点命中，命中可降低对方的闪避几率			下一级：永久提高枪兵200点命中	60
2	4	2	4	0	hit	200	0	永久提高枪兵200点命中，命中可降低对方的闪避几率			下一级：永久提高枪兵250点命中	80
2	4	2	5	0	hit	250	0	永久提高枪兵250点命中，命中可降低对方的闪避几率			下一级：永久提高枪兵300点命中	100
2	4	2	6	0	hit	300	0	永久提高枪兵300点命中，命中可降低对方的闪避几率			下一级：永久提高枪兵350点命中	120
2	4	2	7	0	hit	350	0	永久提高枪兵350点命中，命中可降低对方的闪避几率			下一级：永久提高枪兵400点命中	140
2	4	2	8	0	hit	400	0	永久提高枪兵400点命中，命中可降低对方的闪避几率			下一级：永久提高枪兵450点命中	160
2	4	2	9	0	hit	450	0	永久提高枪兵450点命中，命中可降低对方的闪避几率			下一级：永久提高枪兵500点命中	180
2	4	2	10	0	hit	500	0	永久提高枪兵500点命中，命中可降低对方的闪避几率			下一级：永久提高枪兵550点命中	200
2	4	2	11	0	hit	550	0	永久提高枪兵550点命中，命中可降低对方的闪避几率			下一级：永久提高枪兵600点命中	220
2	4	2	12	0	hit	600	0	永久提高枪兵600点命中，命中可降低对方的闪避几率			下一级：永久提高枪兵650点命中	240
2	4	2	13	0	hit	650	0	永久提高枪兵650点命中，命中可降低对方的闪避几率			下一级：永久提高枪兵700点命中	260
2	4	2	14	0	hit	700	0	永久提高枪兵700点命中，命中可降低对方的闪避几率			下一级：永久提高枪兵750点命中	280
2	4	2	15	0	hit	750	0	永久提高枪兵750点命中，命中可降低对方的闪避几率			下一级：永久提高枪兵800点命中	300
2	4	2	16	0	hit	800	0	永久提高枪兵800点命中，命中可降低对方的闪避几率			下一级：永久提高枪兵850点命中	320
2	4	2	17	0	hit	850	0	永久提高枪兵850点命中，命中可降低对方的闪避几率			下一级：永久提高枪兵900点命中	340
2	4	2	18	0	hit	900	0	永久提高枪兵900点命中，命中可降低对方的闪避几率			下一级：永久提高枪兵950点命中	360
2	4	2	19	0	hit	950	0	永久提高枪兵950点命中，命中可降低对方的闪避几率			下一级：永久提高枪兵1000点命中	380
2	4	2	20	0	hit	1000	0	永久提高枪兵1000点命中，命中可降低对方的闪避几率			下一级：永久提高枪兵1050点命中	400
2	4	2	21	0	hit	1050	0	永久提高枪兵1050点命中，命中可降低对方的闪避几率			下一级：永久提高枪兵1100点命中	420
2	4	2	22	0	hit	1100	0	永久提高枪兵1100点命中，命中可降低对方的闪避几率			下一级：永久提高枪兵1150点命中	440
2	4	2	23	0	hit	1150	0	永久提高枪兵1150点命中，命中可降低对方的闪避几率			下一级：永久提高枪兵1200点命中	460
2	4	2	24	0	hit	1200	0	永久提高枪兵1200点命中，命中可降低对方的闪避几率			下一级：永久提高枪兵1250点命中	480
2	4	2	25	0	hit	1250	0	永久提高枪兵1250点命中，命中可降低对方的闪避几率			下一级：永久提高枪兵1300点命中	500
2	4	2	26	0	hit	1300	0	永久提高枪兵1300点命中，命中可降低对方的闪避几率			下一级：永久提高枪兵1350点命中	520
2	4	2	27	0	hit	1350	0	永久提高枪兵1350点命中，命中可降低对方的闪避几率			下一级：永久提高枪兵1400点命中	540
2	4	2	28	0	hit	1400	0	永久提高枪兵1400点命中，命中可降低对方的闪避几率			下一级：永久提高枪兵1450点命中	560
2	4	2	29	0	hit	1450	0	永久提高枪兵1450点命中，命中可降低对方的闪避几率			下一级：永久提高枪兵1500点命中	580
2	4	2	30	0	hit	1500	0	永久提高枪兵1500点命中，命中可降低对方的闪避几率			下一级：永久提高枪兵1550点命中	600
2	4	2	31	0	hit	1550	0	永久提高枪兵1550点命中，命中可降低对方的闪避几率			下一级：永久提高枪兵1600点命中	620
2	4	2	32	0	hit	1600	0	永久提高枪兵1600点命中，命中可降低对方的闪避几率			下一级：永久提高枪兵1650点命中	640
2	4	2	33	0	hit	1650	0	永久提高枪兵1650点命中，命中可降低对方的闪避几率			下一级：永久提高枪兵1700点命中	660
2	4	2	34	0	hit	1700	0	永久提高枪兵1700点命中，命中可降低对方的闪避几率			下一级：永久提高枪兵1750点命中	680
2	4	2	35	0	hit	1750	0	永久提高枪兵1750点命中，命中可降低对方的闪避几率			下一级：永久提高枪兵1800点命中	700
2	4	2	36	0	hit	1800	0	永久提高枪兵1800点命中，命中可降低对方的闪避几率			下一级：永久提高枪兵1850点命中	720
2	4	2	37	0	hit	1850	0	永久提高枪兵1850点命中，命中可降低对方的闪避几率			下一级：永久提高枪兵1900点命中	740
2	4	2	38	0	hit	1900	0	永久提高枪兵1900点命中，命中可降低对方的闪避几率			下一级：永久提高枪兵1950点命中	760
2	4	2	39	0	hit	1950	0	永久提高枪兵1950点命中，命中可降低对方的闪避几率			下一级：永久提高枪兵2000点命中	780
2	4	2	40	0	hit	2000	0	永久提高枪兵2000点命中，命中可降低对方的闪避几率			下一级：永久提高枪兵2050点命中	800
2	4	2	41	0	hit	2050	0	永久提高枪兵2050点命中，命中可降低对方的闪避几率			下一级：永久提高枪兵2100点命中	820
2	4	2	42	0	hit	2100	0	永久提高枪兵2100点命中，命中可降低对方的闪避几率			下一级：永久提高枪兵2150点命中	840
2	4	2	43	0	hit	2150	0	永久提高枪兵2150点命中，命中可降低对方的闪避几率			下一级：永久提高枪兵2200点命中	860
2	4	2	44	0	hit	2200	0	永久提高枪兵2200点命中，命中可降低对方的闪避几率			下一级：永久提高枪兵2250点命中	880
2	4	2	45	0	hit	2250	0	永久提高枪兵2250点命中，命中可降低对方的闪避几率			下一级：永久提高枪兵2300点命中	900
2	4	2	46	0	hit	2300	0	永久提高枪兵2300点命中，命中可降低对方的闪避几率			下一级：永久提高枪兵2350点命中	920
2	4	2	47	0	hit	2350	0	永久提高枪兵2350点命中，命中可降低对方的闪避几率			下一级：永久提高枪兵2400点命中	940
2	4	2	48	0	hit	2400	0	永久提高枪兵2400点命中，命中可降低对方的闪避几率			下一级：永久提高枪兵2450点命中	960
2	4	2	49	0	hit	2450	0	永久提高枪兵2450点命中，命中可降低对方的闪避几率			下一级：永久提高枪兵2500点命中	980
2	4	2	50	0	hit	2500	0	永久提高枪兵2500点命中，命中可降低对方的闪避几率			已升到最高级	1000
2	5	1	1	120	atkback	0	0	对敌方单体造成140%的伤害，并使其退后一格		140	下一级：对目标造成的伤害提高至144%	20
2	5	1	2	124	atkback	0	0	对敌方单体造成144%的伤害，并使其退后一格		144	下一级：对目标造成的伤害提高至148%	40
2	5	1	3	128	atkback	0	0	对敌方单体造成148%的伤害，并使其退后一格		148	下一级：对目标造成的伤害提高至152%	60
2	5	1	4	132	atkback	0	0	对敌方单体造成152%的伤害，并使其退后一格		152	下一级：对目标造成的伤害提高至156%	80
2	5	1	5	136	atkback	0	0	对敌方单体造成156%的伤害，并使其退后一格		156	下一级：对目标造成的伤害提高至160%	100
2	5	1	6	140	atkback	0	0	对敌方单体造成160%的伤害，并使其退后一格		160	下一级：对目标造成的伤害提高至164%	120
2	5	1	7	144	atkback	0	0	对敌方单体造成164%的伤害，并使其退后一格		164	下一级：对目标造成的伤害提高至168%	140
2	5	1	8	148	atkback	0	0	对敌方单体造成168%的伤害，并使其退后一格		168	下一级：对目标造成的伤害提高至172%	160
2	5	1	9	152	atkback	0	0	对敌方单体造成172%的伤害，并使其退后一格		172	下一级：对目标造成的伤害提高至176%	180
2	5	1	10	156	atkback	0	0	对敌方单体造成176%的伤害，并使其退后一格		176	下一级：对目标造成的伤害提高至180%	200
2	5	1	11	160	atkback	0	0	对敌方单体造成180%的伤害，并使其退后一格		180	下一级：对目标造成的伤害提高至184%	220
2	5	1	12	164	atkback	0	0	对敌方单体造成184%的伤害，并使其退后一格		184	下一级：对目标造成的伤害提高至188%	240
2	5	1	13	168	atkback	0	0	对敌方单体造成188%的伤害，并使其退后一格		188	下一级：对目标造成的伤害提高至192%	260
2	5	1	14	172	atkback	0	0	对敌方单体造成192%的伤害，并使其退后一格		192	下一级：对目标造成的伤害提高至196%	280
2	5	1	15	176	atkback	0	0	对敌方单体造成196%的伤害，并使其退后一格		196	下一级：对目标造成的伤害提高至200%	300
2	5	1	16	180	atkback	0	0	对敌方单体造成200%的伤害，并使其退后一格		200	下一级：对目标造成的伤害提高至204%	320
2	5	1	17	184	atkback	0	0	对敌方单体造成204%的伤害，并使其退后一格		204	下一级：对目标造成的伤害提高至208%	340
2	5	1	18	188	atkback	0	0	对敌方单体造成208%的伤害，并使其退后一格		208	下一级：对目标造成的伤害提高至212%	360
2	5	1	19	192	atkback	0	0	对敌方单体造成212%的伤害，并使其退后一格		212	下一级：对目标造成的伤害提高至216%	380
2	5	1	20	196	atkback	0	0	对敌方单体造成216%的伤害，并使其退后一格		216	下一级：对目标造成的伤害提高至220%	400
2	5	1	21	200	atkback	0	0	对敌方单体造成220%的伤害，并使其退后一格		220	下一级：对目标造成的伤害提高至224%	420
2	5	1	22	204	atkback	0	0	对敌方单体造成224%的伤害，并使其退后一格		224	下一级：对目标造成的伤害提高至228%	440
2	5	1	23	208	atkback	0	0	对敌方单体造成228%的伤害，并使其退后一格		228	下一级：对目标造成的伤害提高至232%	460
2	5	1	24	212	atkback	0	0	对敌方单体造成232%的伤害，并使其退后一格		232	下一级：对目标造成的伤害提高至236%	480
2	5	1	25	216	atkback	0	0	对敌方单体造成236%的伤害，并使其退后一格		236	下一级：对目标造成的伤害提高至240%	500
2	5	1	26	220	atkback	0	0	对敌方单体造成240%的伤害，并使其退后一格		240	下一级：对目标造成的伤害提高至244%	520
2	5	1	27	224	atkback	0	0	对敌方单体造成244%的伤害，并使其退后一格		244	下一级：对目标造成的伤害提高至248%	540
2	5	1	28	228	atkback	0	0	对敌方单体造成248%的伤害，并使其退后一格		248	下一级：对目标造成的伤害提高至252%	560
2	5	1	29	232	atkback	0	0	对敌方单体造成252%的伤害，并使其退后一格		252	下一级：对目标造成的伤害提高至256%	580
2	5	1	30	236	atkback	0	0	对敌方单体造成256%的伤害，并使其退后一格		256	下一级：对目标造成的伤害提高至260%	600
2	5	1	31	240	atkback	0	0	对敌方单体造成260%的伤害，并使其退后一格		260	下一级：对目标造成的伤害提高至264%	620
2	5	1	32	244	atkback	0	0	对敌方单体造成264%的伤害，并使其退后一格		264	下一级：对目标造成的伤害提高至268%	640
2	5	1	33	248	atkback	0	0	对敌方单体造成268%的伤害，并使其退后一格		268	下一级：对目标造成的伤害提高至272%	660
2	5	1	34	252	atkback	0	0	对敌方单体造成272%的伤害，并使其退后一格		272	下一级：对目标造成的伤害提高至276%	680
2	5	1	35	256	atkback	0	0	对敌方单体造成276%的伤害，并使其退后一格		276	下一级：对目标造成的伤害提高至280%	700
2	5	1	36	260	atkback	0	0	对敌方单体造成280%的伤害，并使其退后一格		280	下一级：对目标造成的伤害提高至284%	720
2	5	1	37	264	atkback	0	0	对敌方单体造成284%的伤害，并使其退后一格		284	下一级：对目标造成的伤害提高至288%	740
2	5	1	38	268	atkback	0	0	对敌方单体造成288%的伤害，并使其退后一格		288	下一级：对目标造成的伤害提高至292%	760
2	5	1	39	272	atkback	0	0	对敌方单体造成292%的伤害，并使其退后一格		292	下一级：对目标造成的伤害提高至296%	780
2	5	1	40	276	atkback	0	0	对敌方单体造成296%的伤害，并使其退后一格		296	下一级：对目标造成的伤害提高至300%	800
2	5	1	41	280	atkback	0	0	对敌方单体造成300%的伤害，并使其退后一格		300	下一级：对目标造成的伤害提高至304%	820
2	5	1	42	284	atkback	0	0	对敌方单体造成304%的伤害，并使其退后一格		304	下一级：对目标造成的伤害提高至308%	840
2	5	1	43	288	atkback	0	0	对敌方单体造成308%的伤害，并使其退后一格		308	下一级：对目标造成的伤害提高至312%	860
2	5	1	44	292	atkback	0	0	对敌方单体造成312%的伤害，并使其退后一格		312	下一级：对目标造成的伤害提高至316%	880
2	5	1	45	296	atkback	0	0	对敌方单体造成316%的伤害，并使其退后一格		316	下一级：对目标造成的伤害提高至320%	900
2	5	1	46	300	atkback	0	0	对敌方单体造成320%的伤害，并使其退后一格		320	下一级：对目标造成的伤害提高至324%	920
2	5	1	47	304	atkback	0	0	对敌方单体造成324%的伤害，并使其退后一格		324	下一级：对目标造成的伤害提高至328%	940
2	5	1	48	308	atkback	0	0	对敌方单体造成328%的伤害，并使其退后一格		328	下一级：对目标造成的伤害提高至332%	960
2	5	1	49	312	atkback	0	0	对敌方单体造成332%的伤害，并使其退后一格		332	下一级：对目标造成的伤害提高至336%	980
2	5	1	50	316	atkback	0	0	对敌方单体造成336%的伤害，并使其退后一格		336	已升到最高级	1000
3	1	1	1	120	atkweak	0	0	骑兵发动急袭，对敌方单个武将造成120%的伤害		120	下一级：对目标造成的伤害提高至124%	20
3	1	1	2	124	atkweak	0	0	骑兵发动急袭，对敌方单个武将造成124%的伤害		124	下一级：对目标造成的伤害提高至128%	40
3	1	1	3	128	atkweak	0	0	骑兵发动急袭，对敌方单个武将造成128%的伤害		128	下一级：对目标造成的伤害提高至132%	60
3	1	1	4	132	atkweak	0	0	骑兵发动急袭，对敌方单个武将造成132%的伤害		132	下一级：对目标造成的伤害提高至136%	80
3	1	1	5	136	atkweak	0	0	骑兵发动急袭，对敌方单个武将造成136%的伤害		136	下一级：对目标造成的伤害提高至140%	100
3	1	1	6	140	atkweak	0	0	骑兵发动急袭，对敌方单个武将造成140%的伤害		140	下一级：对目标造成的伤害提高至144%	120
3	1	1	7	144	atkweak	0	0	骑兵发动急袭，对敌方单个武将造成144%的伤害		144	下一级：对目标造成的伤害提高至148%	140
3	1	1	8	148	atkweak	0	0	骑兵发动急袭，对敌方单个武将造成148%的伤害		148	下一级：对目标造成的伤害提高至152%	160
3	1	1	9	152	atkweak	0	0	骑兵发动急袭，对敌方单个武将造成152%的伤害		152	下一级：对目标造成的伤害提高至156%	180
3	1	1	10	156	atkweak	0	0	骑兵发动急袭，对敌方单个武将造成156%的伤害		156	下一级：对目标造成的伤害提高至160%	200
3	1	1	11	160	atkweak	0	0	骑兵发动急袭，对敌方单个武将造成160%的伤害		160	下一级：对目标造成的伤害提高至164%	220
3	1	1	12	164	atkweak	0	0	骑兵发动急袭，对敌方单个武将造成164%的伤害		164	下一级：对目标造成的伤害提高至168%	240
3	1	1	13	168	atkweak	0	0	骑兵发动急袭，对敌方单个武将造成168%的伤害		168	下一级：对目标造成的伤害提高至172%	260
3	1	1	14	172	atkweak	0	0	骑兵发动急袭，对敌方单个武将造成172%的伤害		172	下一级：对目标造成的伤害提高至176%	280
3	1	1	15	176	atkweak	0	0	骑兵发动急袭，对敌方单个武将造成176%的伤害		176	下一级：对目标造成的伤害提高至180%	300
3	1	1	16	180	atkweak	0	0	骑兵发动急袭，对敌方单个武将造成180%的伤害		180	下一级：对目标造成的伤害提高至184%	320
3	1	1	17	184	atkweak	0	0	骑兵发动急袭，对敌方单个武将造成184%的伤害		184	下一级：对目标造成的伤害提高至188%	340
3	1	1	18	188	atkweak	0	0	骑兵发动急袭，对敌方单个武将造成188%的伤害		188	下一级：对目标造成的伤害提高至192%	360
3	1	1	19	192	atkweak	0	0	骑兵发动急袭，对敌方单个武将造成192%的伤害		192	下一级：对目标造成的伤害提高至196%	380
3	1	1	20	196	atkweak	0	0	骑兵发动急袭，对敌方单个武将造成196%的伤害		196	下一级：对目标造成的伤害提高至200%	400
3	1	1	21	200	atkweak	0	0	骑兵发动急袭，对敌方单个武将造成200%的伤害		200	下一级：对目标造成的伤害提高至204%	420
3	1	1	22	204	atkweak	0	0	骑兵发动急袭，对敌方单个武将造成204%的伤害		204	下一级：对目标造成的伤害提高至208%	440
3	1	1	23	208	atkweak	0	0	骑兵发动急袭，对敌方单个武将造成208%的伤害		208	下一级：对目标造成的伤害提高至212%	460
3	1	1	24	212	atkweak	0	0	骑兵发动急袭，对敌方单个武将造成212%的伤害		212	下一级：对目标造成的伤害提高至216%	480
3	1	1	25	216	atkweak	0	0	骑兵发动急袭，对敌方单个武将造成216%的伤害		216	下一级：对目标造成的伤害提高至220%	500
3	1	1	26	220	atkweak	0	0	骑兵发动急袭，对敌方单个武将造成220%的伤害		220	下一级：对目标造成的伤害提高至224%	520
3	1	1	27	224	atkweak	0	0	骑兵发动急袭，对敌方单个武将造成224%的伤害		224	下一级：对目标造成的伤害提高至228%	540
3	1	1	28	228	atkweak	0	0	骑兵发动急袭，对敌方单个武将造成228%的伤害		228	下一级：对目标造成的伤害提高至232%	560
3	1	1	29	232	atkweak	0	0	骑兵发动急袭，对敌方单个武将造成232%的伤害		232	下一级：对目标造成的伤害提高至236%	580
3	1	1	30	236	atkweak	0	0	骑兵发动急袭，对敌方单个武将造成236%的伤害		236	下一级：对目标造成的伤害提高至240%	600
3	1	1	31	240	atkweak	0	0	骑兵发动急袭，对敌方单个武将造成240%的伤害		240	下一级：对目标造成的伤害提高至244%	620
3	1	1	32	244	atkweak	0	0	骑兵发动急袭，对敌方单个武将造成244%的伤害		244	下一级：对目标造成的伤害提高至248%	640
3	1	1	33	248	atkweak	0	0	骑兵发动急袭，对敌方单个武将造成248%的伤害		248	下一级：对目标造成的伤害提高至252%	660
3	1	1	34	252	atkweak	0	0	骑兵发动急袭，对敌方单个武将造成252%的伤害		252	下一级：对目标造成的伤害提高至256%	680
3	1	1	35	256	atkweak	0	0	骑兵发动急袭，对敌方单个武将造成256%的伤害		256	下一级：对目标造成的伤害提高至260%	700
3	1	1	36	260	atkweak	0	0	骑兵发动急袭，对敌方单个武将造成260%的伤害		260	下一级：对目标造成的伤害提高至264%	720
3	1	1	37	264	atkweak	0	0	骑兵发动急袭，对敌方单个武将造成264%的伤害		264	下一级：对目标造成的伤害提高至268%	740
3	1	1	38	268	atkweak	0	0	骑兵发动急袭，对敌方单个武将造成268%的伤害		268	下一级：对目标造成的伤害提高至272%	760
3	1	1	39	272	atkweak	0	0	骑兵发动急袭，对敌方单个武将造成272%的伤害		272	下一级：对目标造成的伤害提高至276%	780
3	1	1	40	276	atkweak	0	0	骑兵发动急袭，对敌方单个武将造成276%的伤害		276	下一级：对目标造成的伤害提高至280%	800
3	1	1	41	280	atkweak	0	0	骑兵发动急袭，对敌方单个武将造成280%的伤害		280	下一级：对目标造成的伤害提高至284%	820
3	1	1	42	284	atkweak	0	0	骑兵发动急袭，对敌方单个武将造成284%的伤害		284	下一级：对目标造成的伤害提高至288%	840
3	1	1	43	288	atkweak	0	0	骑兵发动急袭，对敌方单个武将造成288%的伤害		288	下一级：对目标造成的伤害提高至292%	860
3	1	1	44	292	atkweak	0	0	骑兵发动急袭，对敌方单个武将造成292%的伤害		292	下一级：对目标造成的伤害提高至296%	880
3	1	1	45	296	atkweak	0	0	骑兵发动急袭，对敌方单个武将造成296%的伤害		296	下一级：对目标造成的伤害提高至300%	900
3	1	1	46	300	atkweak	0	0	骑兵发动急袭，对敌方单个武将造成300%的伤害		300	下一级：对目标造成的伤害提高至304%	920
3	1	1	47	304	atkweak	0	0	骑兵发动急袭，对敌方单个武将造成304%的伤害		304	下一级：对目标造成的伤害提高至308%	940
3	1	1	48	308	atkweak	0	0	骑兵发动急袭，对敌方单个武将造成308%的伤害		308	下一级：对目标造成的伤害提高至312%	960
3	1	1	49	312	atkweak	0	0	骑兵发动急袭，对敌方单个武将造成312%的伤害		312	下一级：对目标造成的伤害提高至316%	980
3	1	1	50	316	atkweak	0	0	骑兵发动急袭，对敌方单个武将造成316%的伤害		316	已升到最高级	1000
3	2	2	1	0	unblock	50	0	永久提高骑兵50点破招，破招可降低敌方格挡几率			下一级：永久提高骑兵100点破招	20
3	2	2	2	0	unblock	100	0	永久提高骑兵100点破招，破招可降低敌方格挡几率			下一级：永久提高骑兵150点破招	40
3	2	2	3	0	unblock	150	0	永久提高骑兵150点破招，破招可降低敌方格挡几率			下一级：永久提高骑兵200点破招	60
3	2	2	4	0	unblock	200	0	永久提高骑兵200点破招，破招可降低敌方格挡几率			下一级：永久提高骑兵250点破招	80
3	2	2	5	0	unblock	250	0	永久提高骑兵250点破招，破招可降低敌方格挡几率			下一级：永久提高骑兵300点破招	100
3	2	2	6	0	unblock	300	0	永久提高骑兵300点破招，破招可降低敌方格挡几率			下一级：永久提高骑兵350点破招	120
3	2	2	7	0	unblock	350	0	永久提高骑兵350点破招，破招可降低敌方格挡几率			下一级：永久提高骑兵400点破招	140
3	2	2	8	0	unblock	400	0	永久提高骑兵400点破招，破招可降低敌方格挡几率			下一级：永久提高骑兵450点破招	160
3	2	2	9	0	unblock	450	0	永久提高骑兵450点破招，破招可降低敌方格挡几率			下一级：永久提高骑兵500点破招	180
3	2	2	10	0	unblock	500	0	永久提高骑兵500点破招，破招可降低敌方格挡几率			下一级：永久提高骑兵550点破招	200
3	2	2	11	0	unblock	550	0	永久提高骑兵550点破招，破招可降低敌方格挡几率			下一级：永久提高骑兵600点破招	220
3	2	2	12	0	unblock	600	0	永久提高骑兵600点破招，破招可降低敌方格挡几率			下一级：永久提高骑兵650点破招	240
3	2	2	13	0	unblock	650	0	永久提高骑兵650点破招，破招可降低敌方格挡几率			下一级：永久提高骑兵700点破招	260
3	2	2	14	0	unblock	700	0	永久提高骑兵700点破招，破招可降低敌方格挡几率			下一级：永久提高骑兵750点破招	280
3	2	2	15	0	unblock	750	0	永久提高骑兵750点破招，破招可降低敌方格挡几率			下一级：永久提高骑兵800点破招	300
3	2	2	16	0	unblock	800	0	永久提高骑兵800点破招，破招可降低敌方格挡几率			下一级：永久提高骑兵850点破招	320
3	2	2	17	0	unblock	850	0	永久提高骑兵850点破招，破招可降低敌方格挡几率			下一级：永久提高骑兵900点破招	340
3	2	2	18	0	unblock	900	0	永久提高骑兵900点破招，破招可降低敌方格挡几率			下一级：永久提高骑兵950点破招	360
3	2	2	19	0	unblock	950	0	永久提高骑兵950点破招，破招可降低敌方格挡几率			下一级：永久提高骑兵1000点破招	380
3	2	2	20	0	unblock	1000	0	永久提高骑兵1000点破招，破招可降低敌方格挡几率			下一级：永久提高骑兵1050点破招	400
3	2	2	21	0	unblock	1050	0	永久提高骑兵1050点破招，破招可降低敌方格挡几率			下一级：永久提高骑兵1100点破招	420
3	2	2	22	0	unblock	1100	0	永久提高骑兵1100点破招，破招可降低敌方格挡几率			下一级：永久提高骑兵1150点破招	440
3	2	2	23	0	unblock	1150	0	永久提高骑兵1150点破招，破招可降低敌方格挡几率			下一级：永久提高骑兵1200点破招	460
3	2	2	24	0	unblock	1200	0	永久提高骑兵1200点破招，破招可降低敌方格挡几率			下一级：永久提高骑兵1250点破招	480
3	2	2	25	0	unblock	1250	0	永久提高骑兵1250点破招，破招可降低敌方格挡几率			下一级：永久提高骑兵1300点破招	500
3	2	2	26	0	unblock	1300	0	永久提高骑兵1300点破招，破招可降低敌方格挡几率			下一级：永久提高骑兵1350点破招	520
3	2	2	27	0	unblock	1350	0	永久提高骑兵1350点破招，破招可降低敌方格挡几率			下一级：永久提高骑兵1400点破招	540
3	2	2	28	0	unblock	1400	0	永久提高骑兵1400点破招，破招可降低敌方格挡几率			下一级：永久提高骑兵1450点破招	560
3	2	2	29	0	unblock	1450	0	永久提高骑兵1450点破招，破招可降低敌方格挡几率			下一级：永久提高骑兵1500点破招	580
3	2	2	30	0	unblock	1500	0	永久提高骑兵1500点破招，破招可降低敌方格挡几率			下一级：永久提高骑兵1550点破招	600
3	2	2	31	0	unblock	1550	0	永久提高骑兵1550点破招，破招可降低敌方格挡几率			下一级：永久提高骑兵1600点破招	620
3	2	2	32	0	unblock	1600	0	永久提高骑兵1600点破招，破招可降低敌方格挡几率			下一级：永久提高骑兵1650点破招	640
3	2	2	33	0	unblock	1650	0	永久提高骑兵1650点破招，破招可降低敌方格挡几率			下一级：永久提高骑兵1700点破招	660
3	2	2	34	0	unblock	1700	0	永久提高骑兵1700点破招，破招可降低敌方格挡几率			下一级：永久提高骑兵1750点破招	680
3	2	2	35	0	unblock	1750	0	永久提高骑兵1750点破招，破招可降低敌方格挡几率			下一级：永久提高骑兵1800点破招	700
3	2	2	36	0	unblock	1800	0	永久提高骑兵1800点破招，破招可降低敌方格挡几率			下一级：永久提高骑兵1850点破招	720
3	2	2	37	0	unblock	1850	0	永久提高骑兵1850点破招，破招可降低敌方格挡几率			下一级：永久提高骑兵1900点破招	740
3	2	2	38	0	unblock	1900	0	永久提高骑兵1900点破招，破招可降低敌方格挡几率			下一级：永久提高骑兵1950点破招	760
3	2	2	39	0	unblock	1950	0	永久提高骑兵1950点破招，破招可降低敌方格挡几率			下一级：永久提高骑兵2000点破招	780
3	2	2	40	0	unblock	2000	0	永久提高骑兵2000点破招，破招可降低敌方格挡几率			下一级：永久提高骑兵2050点破招	800
3	2	2	41	0	unblock	2050	0	永久提高骑兵2050点破招，破招可降低敌方格挡几率			下一级：永久提高骑兵2100点破招	820
3	2	2	42	0	unblock	2100	0	永久提高骑兵2100点破招，破招可降低敌方格挡几率			下一级：永久提高骑兵2150点破招	840
3	2	2	43	0	unblock	2150	0	永久提高骑兵2150点破招，破招可降低敌方格挡几率			下一级：永久提高骑兵2200点破招	860
3	2	2	44	0	unblock	2200	0	永久提高骑兵2200点破招，破招可降低敌方格挡几率			下一级：永久提高骑兵2250点破招	880
3	2	2	45	0	unblock	2250	0	永久提高骑兵2250点破招，破招可降低敌方格挡几率			下一级：永久提高骑兵2300点破招	900
3	2	2	46	0	unblock	2300	0	永久提高骑兵2300点破招，破招可降低敌方格挡几率			下一级：永久提高骑兵2350点破招	920
3	2	2	47	0	unblock	2350	0	永久提高骑兵2350点破招，破招可降低敌方格挡几率			下一级：永久提高骑兵2400点破招	940
3	2	2	48	0	unblock	2400	0	永久提高骑兵2400点破招，破招可降低敌方格挡几率			下一级：永久提高骑兵2450点破招	960
3	2	2	49	0	unblock	2450	0	永久提高骑兵2450点破招，破招可降低敌方格挡几率			下一级：永久提高骑兵2500点破招	980
3	2	2	50	0	unblock	2500	0	永久提高骑兵2500点破招，破招可降低敌方格挡几率			已升到最高级	1000
3	3	1	1	120	atkcol	0	0	对纵向所有目标造成70%的伤害，最多可对三个武将造成伤害		70	下一级：对目标造成的伤害提高至72%	20
3	3	1	2	124	atkcol	0	0	对纵向所有目标造成72%的伤害，最多可对三个武将造成伤害		72	下一级：对目标造成的伤害提高至74%	40
3	3	1	3	128	atkcol	0	0	对纵向所有目标造成74%的伤害，最多可对三个武将造成伤害		74	下一级：对目标造成的伤害提高至76%	60
3	3	1	4	132	atkcol	0	0	对纵向所有目标造成76%的伤害，最多可对三个武将造成伤害		76	下一级：对目标造成的伤害提高至78%	80
3	3	1	5	136	atkcol	0	0	对纵向所有目标造成78%的伤害，最多可对三个武将造成伤害		78	下一级：对目标造成的伤害提高至80%	100
3	3	1	6	140	atkcol	0	0	对纵向所有目标造成80%的伤害，最多可对三个武将造成伤害		80	下一级：对目标造成的伤害提高至82%	120
3	3	1	7	144	atkcol	0	0	对纵向所有目标造成82%的伤害，最多可对三个武将造成伤害		82	下一级：对目标造成的伤害提高至84%	140
3	3	1	8	148	atkcol	0	0	对纵向所有目标造成84%的伤害，最多可对三个武将造成伤害		84	下一级：对目标造成的伤害提高至86%	160
3	3	1	9	152	atkcol	0	0	对纵向所有目标造成86%的伤害，最多可对三个武将造成伤害		86	下一级：对目标造成的伤害提高至88%	180
3	3	1	10	156	atkcol	0	0	对纵向所有目标造成88%的伤害，最多可对三个武将造成伤害		88	下一级：对目标造成的伤害提高至90%	200
3	3	1	11	160	atkcol	0	0	对纵向所有目标造成90%的伤害，最多可对三个武将造成伤害		90	下一级：对目标造成的伤害提高至92%	220
3	3	1	12	164	atkcol	0	0	对纵向所有目标造成92%的伤害，最多可对三个武将造成伤害		92	下一级：对目标造成的伤害提高至94%	240
3	3	1	13	168	atkcol	0	0	对纵向所有目标造成94%的伤害，最多可对三个武将造成伤害		94	下一级：对目标造成的伤害提高至96%	260
3	3	1	14	172	atkcol	0	0	对纵向所有目标造成96%的伤害，最多可对三个武将造成伤害		96	下一级：对目标造成的伤害提高至98%	280
3	3	1	15	176	atkcol	0	0	对纵向所有目标造成98%的伤害，最多可对三个武将造成伤害		98	下一级：对目标造成的伤害提高至100%	300
3	3	1	16	180	atkcol	0	0	对纵向所有目标造成100%的伤害，最多可对三个武将造成伤害		100	下一级：对目标造成的伤害提高至102%	320
3	3	1	17	184	atkcol	0	0	对纵向所有目标造成102%的伤害，最多可对三个武将造成伤害		102	下一级：对目标造成的伤害提高至104%	340
3	3	1	18	188	atkcol	0	0	对纵向所有目标造成104%的伤害，最多可对三个武将造成伤害		104	下一级：对目标造成的伤害提高至106%	360
3	3	1	19	192	atkcol	0	0	对纵向所有目标造成106%的伤害，最多可对三个武将造成伤害		106	下一级：对目标造成的伤害提高至108%	380
3	3	1	20	196	atkcol	0	0	对纵向所有目标造成108%的伤害，最多可对三个武将造成伤害		108	下一级：对目标造成的伤害提高至110%	400
3	3	1	21	200	atkcol	0	0	对纵向所有目标造成110%的伤害，最多可对三个武将造成伤害		110	下一级：对目标造成的伤害提高至112%	420
3	3	1	22	204	atkcol	0	0	对纵向所有目标造成112%的伤害，最多可对三个武将造成伤害		112	下一级：对目标造成的伤害提高至114%	440
3	3	1	23	208	atkcol	0	0	对纵向所有目标造成114%的伤害，最多可对三个武将造成伤害		114	下一级：对目标造成的伤害提高至116%	460
3	3	1	24	212	atkcol	0	0	对纵向所有目标造成116%的伤害，最多可对三个武将造成伤害		116	下一级：对目标造成的伤害提高至118%	480
3	3	1	25	216	atkcol	0	0	对纵向所有目标造成118%的伤害，最多可对三个武将造成伤害		118	下一级：对目标造成的伤害提高至120%	500
3	3	1	26	220	atkcol	0	0	对纵向所有目标造成120%的伤害，最多可对三个武将造成伤害		120	下一级：对目标造成的伤害提高至122%	520
3	3	1	27	224	atkcol	0	0	对纵向所有目标造成122%的伤害，最多可对三个武将造成伤害		122	下一级：对目标造成的伤害提高至124%	540
3	3	1	28	228	atkcol	0	0	对纵向所有目标造成124%的伤害，最多可对三个武将造成伤害		124	下一级：对目标造成的伤害提高至126%	560
3	3	1	29	232	atkcol	0	0	对纵向所有目标造成126%的伤害，最多可对三个武将造成伤害		126	下一级：对目标造成的伤害提高至128%	580
3	3	1	30	236	atkcol	0	0	对纵向所有目标造成128%的伤害，最多可对三个武将造成伤害		128	下一级：对目标造成的伤害提高至130%	600
3	3	1	31	240	atkcol	0	0	对纵向所有目标造成130%的伤害，最多可对三个武将造成伤害		130	下一级：对目标造成的伤害提高至132%	620
3	3	1	32	244	atkcol	0	0	对纵向所有目标造成132%的伤害，最多可对三个武将造成伤害		132	下一级：对目标造成的伤害提高至134%	640
3	3	1	33	248	atkcol	0	0	对纵向所有目标造成134%的伤害，最多可对三个武将造成伤害		134	下一级：对目标造成的伤害提高至136%	660
3	3	1	34	252	atkcol	0	0	对纵向所有目标造成136%的伤害，最多可对三个武将造成伤害		136	下一级：对目标造成的伤害提高至138%	680
3	3	1	35	256	atkcol	0	0	对纵向所有目标造成138%的伤害，最多可对三个武将造成伤害		138	下一级：对目标造成的伤害提高至140%	700
3	3	1	36	260	atkcol	0	0	对纵向所有目标造成140%的伤害，最多可对三个武将造成伤害		140	下一级：对目标造成的伤害提高至142%	720
3	3	1	37	264	atkcol	0	0	对纵向所有目标造成142%的伤害，最多可对三个武将造成伤害		142	下一级：对目标造成的伤害提高至144%	740
3	3	1	38	268	atkcol	0	0	对纵向所有目标造成144%的伤害，最多可对三个武将造成伤害		144	下一级：对目标造成的伤害提高至146%	760
3	3	1	39	272	atkcol	0	0	对纵向所有目标造成146%的伤害，最多可对三个武将造成伤害		146	下一级：对目标造成的伤害提高至148%	780
3	3	1	40	276	atkcol	0	0	对纵向所有目标造成148%的伤害，最多可对三个武将造成伤害		148	下一级：对目标造成的伤害提高至150%	800
3	3	1	41	280	atkcol	0	0	对纵向所有目标造成150%的伤害，最多可对三个武将造成伤害		150	下一级：对目标造成的伤害提高至152%	820
3	3	1	42	284	atkcol	0	0	对纵向所有目标造成152%的伤害，最多可对三个武将造成伤害		152	下一级：对目标造成的伤害提高至154%	840
3	3	1	43	288	atkcol	0	0	对纵向所有目标造成154%的伤害，最多可对三个武将造成伤害		154	下一级：对目标造成的伤害提高至156%	860
3	3	1	44	292	atkcol	0	0	对纵向所有目标造成156%的伤害，最多可对三个武将造成伤害		156	下一级：对目标造成的伤害提高至158%	880
3	3	1	45	296	atkcol	0	0	对纵向所有目标造成158%的伤害，最多可对三个武将造成伤害		158	下一级：对目标造成的伤害提高至160%	900
3	3	1	46	300	atkcol	0	0	对纵向所有目标造成160%的伤害，最多可对三个武将造成伤害		160	下一级：对目标造成的伤害提高至162%	920
3	3	1	47	304	atkcol	0	0	对纵向所有目标造成162%的伤害，最多可对三个武将造成伤害		162	下一级：对目标造成的伤害提高至164%	940
3	3	1	48	308	atkcol	0	0	对纵向所有目标造成164%的伤害，最多可对三个武将造成伤害		164	下一级：对目标造成的伤害提高至166%	960
3	3	1	49	312	atkcol	0	0	对纵向所有目标造成166%的伤害，最多可对三个武将造成伤害		166	下一级：对目标造成的伤害提高至168%	980
3	3	1	50	316	atkcol	0	0	对纵向所有目标造成168%的伤害，最多可对三个武将造成伤害		168	已升到最高级	1000
3	4	2	1	0	miss	50	0	永久提高骑兵50点闪避，闪避可躲避敌人攻击			下一级：永久提高骑兵100点闪避	20
3	4	2	2	0	miss	100	0	永久提高骑兵100点闪避，闪避可躲避敌人攻击			下一级：永久提高骑兵150点闪避	40
3	4	2	3	0	miss	150	0	永久提高骑兵150点闪避，闪避可躲避敌人攻击			下一级：永久提高骑兵200点闪避	60
3	4	2	4	0	miss	200	0	永久提高骑兵200点闪避，闪避可躲避敌人攻击			下一级：永久提高骑兵250点闪避	80
3	4	2	5	0	miss	250	0	永久提高骑兵250点闪避，闪避可躲避敌人攻击			下一级：永久提高骑兵300点闪避	100
3	4	2	6	0	miss	300	0	永久提高骑兵300点闪避，闪避可躲避敌人攻击			下一级：永久提高骑兵350点闪避	120
3	4	2	7	0	miss	350	0	永久提高骑兵350点闪避，闪避可躲避敌人攻击			下一级：永久提高骑兵400点闪避	140
3	4	2	8	0	miss	400	0	永久提高骑兵400点闪避，闪避可躲避敌人攻击			下一级：永久提高骑兵450点闪避	160
3	4	2	9	0	miss	450	0	永久提高骑兵450点闪避，闪避可躲避敌人攻击			下一级：永久提高骑兵500点闪避	180
3	4	2	10	0	miss	500	0	永久提高骑兵500点闪避，闪避可躲避敌人攻击			下一级：永久提高骑兵550点闪避	200
3	4	2	11	0	miss	550	0	永久提高骑兵550点闪避，闪避可躲避敌人攻击			下一级：永久提高骑兵600点闪避	220
3	4	2	12	0	miss	600	0	永久提高骑兵600点闪避，闪避可躲避敌人攻击			下一级：永久提高骑兵650点闪避	240
3	4	2	13	0	miss	650	0	永久提高骑兵650点闪避，闪避可躲避敌人攻击			下一级：永久提高骑兵700点闪避	260
3	4	2	14	0	miss	700	0	永久提高骑兵700点闪避，闪避可躲避敌人攻击			下一级：永久提高骑兵750点闪避	280
3	4	2	15	0	miss	750	0	永久提高骑兵750点闪避，闪避可躲避敌人攻击			下一级：永久提高骑兵800点闪避	300
3	4	2	16	0	miss	800	0	永久提高骑兵800点闪避，闪避可躲避敌人攻击			下一级：永久提高骑兵850点闪避	320
3	4	2	17	0	miss	850	0	永久提高骑兵850点闪避，闪避可躲避敌人攻击			下一级：永久提高骑兵900点闪避	340
3	4	2	18	0	miss	900	0	永久提高骑兵900点闪避，闪避可躲避敌人攻击			下一级：永久提高骑兵950点闪避	360
3	4	2	19	0	miss	950	0	永久提高骑兵950点闪避，闪避可躲避敌人攻击			下一级：永久提高骑兵1000点闪避	380
3	4	2	20	0	miss	1000	0	永久提高骑兵1000点闪避，闪避可躲避敌人攻击			下一级：永久提高骑兵1050点闪避	400
3	4	2	21	0	miss	1050	0	永久提高骑兵1050点闪避，闪避可躲避敌人攻击			下一级：永久提高骑兵1100点闪避	420
3	4	2	22	0	miss	1100	0	永久提高骑兵1100点闪避，闪避可躲避敌人攻击			下一级：永久提高骑兵1150点闪避	440
3	4	2	23	0	miss	1150	0	永久提高骑兵1150点闪避，闪避可躲避敌人攻击			下一级：永久提高骑兵1200点闪避	460
3	4	2	24	0	miss	1200	0	永久提高骑兵1200点闪避，闪避可躲避敌人攻击			下一级：永久提高骑兵1250点闪避	480
3	4	2	25	0	miss	1250	0	永久提高骑兵1250点闪避，闪避可躲避敌人攻击			下一级：永久提高骑兵1300点闪避	500
3	4	2	26	0	miss	1300	0	永久提高骑兵1300点闪避，闪避可躲避敌人攻击			下一级：永久提高骑兵1350点闪避	520
3	4	2	27	0	miss	1350	0	永久提高骑兵1350点闪避，闪避可躲避敌人攻击			下一级：永久提高骑兵1400点闪避	540
3	4	2	28	0	miss	1400	0	永久提高骑兵1400点闪避，闪避可躲避敌人攻击			下一级：永久提高骑兵1450点闪避	560
3	4	2	29	0	miss	1450	0	永久提高骑兵1450点闪避，闪避可躲避敌人攻击			下一级：永久提高骑兵1500点闪避	580
3	4	2	30	0	miss	1500	0	永久提高骑兵1500点闪避，闪避可躲避敌人攻击			下一级：永久提高骑兵1550点闪避	600
3	4	2	31	0	miss	1550	0	永久提高骑兵1550点闪避，闪避可躲避敌人攻击			下一级：永久提高骑兵1600点闪避	620
3	4	2	32	0	miss	1600	0	永久提高骑兵1600点闪避，闪避可躲避敌人攻击			下一级：永久提高骑兵1650点闪避	640
3	4	2	33	0	miss	1650	0	永久提高骑兵1650点闪避，闪避可躲避敌人攻击			下一级：永久提高骑兵1700点闪避	660
3	4	2	34	0	miss	1700	0	永久提高骑兵1700点闪避，闪避可躲避敌人攻击			下一级：永久提高骑兵1750点闪避	680
3	4	2	35	0	miss	1750	0	永久提高骑兵1750点闪避，闪避可躲避敌人攻击			下一级：永久提高骑兵1800点闪避	700
3	4	2	36	0	miss	1800	0	永久提高骑兵1800点闪避，闪避可躲避敌人攻击			下一级：永久提高骑兵1850点闪避	720
3	4	2	37	0	miss	1850	0	永久提高骑兵1850点闪避，闪避可躲避敌人攻击			下一级：永久提高骑兵1900点闪避	740
3	4	2	38	0	miss	1900	0	永久提高骑兵1900点闪避，闪避可躲避敌人攻击			下一级：永久提高骑兵1950点闪避	760
3	4	2	39	0	miss	1950	0	永久提高骑兵1950点闪避，闪避可躲避敌人攻击			下一级：永久提高骑兵2000点闪避	780
3	4	2	40	0	miss	2000	0	永久提高骑兵2000点闪避，闪避可躲避敌人攻击			下一级：永久提高骑兵2050点闪避	800
3	4	2	41	0	miss	2050	0	永久提高骑兵2050点闪避，闪避可躲避敌人攻击			下一级：永久提高骑兵2100点闪避	820
3	4	2	42	0	miss	2100	0	永久提高骑兵2100点闪避，闪避可躲避敌人攻击			下一级：永久提高骑兵2150点闪避	840
3	4	2	43	0	miss	2150	0	永久提高骑兵2150点闪避，闪避可躲避敌人攻击			下一级：永久提高骑兵2200点闪避	860
3	4	2	44	0	miss	2200	0	永久提高骑兵2200点闪避，闪避可躲避敌人攻击			下一级：永久提高骑兵2250点闪避	880
3	4	2	45	0	miss	2250	0	永久提高骑兵2250点闪避，闪避可躲避敌人攻击			下一级：永久提高骑兵2300点闪避	900
3	4	2	46	0	miss	2300	0	永久提高骑兵2300点闪避，闪避可躲避敌人攻击			下一级：永久提高骑兵2350点闪避	920
3	4	2	47	0	miss	2350	0	永久提高骑兵2350点闪避，闪避可躲避敌人攻击			下一级：永久提高骑兵2400点闪避	940
3	4	2	48	0	miss	2400	0	永久提高骑兵2400点闪避，闪避可躲避敌人攻击			下一级：永久提高骑兵2450点闪避	960
3	4	2	49	0	miss	2450	0	永久提高骑兵2450点闪避，闪避可躲避敌人攻击			下一级：永久提高骑兵2500点闪避	980
3	4	2	50	0	miss	2500	0	永久提高骑兵2500点闪避，闪避可躲避敌人攻击			已升到最高级	1000
3	5	1	1	120	atklast	0	0	对单体造成140%的伤害，且优先攻击最后排		140	下一级：对目标造成的伤害提高至144%	20
3	5	1	2	124	atklast	0	0	对单体造成144%的伤害，且优先攻击最后排		144	下一级：对目标造成的伤害提高至148%	40
3	5	1	3	128	atklast	0	0	对单体造成148%的伤害，且优先攻击最后排		148	下一级：对目标造成的伤害提高至152%	60
3	5	1	4	132	atklast	0	0	对单体造成152%的伤害，且优先攻击最后排		152	下一级：对目标造成的伤害提高至156%	80
3	5	1	5	136	atklast	0	0	对单体造成156%的伤害，且优先攻击最后排		156	下一级：对目标造成的伤害提高至160%	100
3	5	1	6	140	atklast	0	0	对单体造成160%的伤害，且优先攻击最后排		160	下一级：对目标造成的伤害提高至164%	120
3	5	1	7	144	atklast	0	0	对单体造成164%的伤害，且优先攻击最后排		164	下一级：对目标造成的伤害提高至168%	140
3	5	1	8	148	atklast	0	0	对单体造成168%的伤害，且优先攻击最后排		168	下一级：对目标造成的伤害提高至172%	160
3	5	1	9	152	atklast	0	0	对单体造成172%的伤害，且优先攻击最后排		172	下一级：对目标造成的伤害提高至176%	180
3	5	1	10	156	atklast	0	0	对单体造成176%的伤害，且优先攻击最后排		176	下一级：对目标造成的伤害提高至180%	200
3	5	1	11	160	atklast	0	0	对单体造成180%的伤害，且优先攻击最后排		180	下一级：对目标造成的伤害提高至184%	220
3	5	1	12	164	atklast	0	0	对单体造成184%的伤害，且优先攻击最后排		184	下一级：对目标造成的伤害提高至188%	240
3	5	1	13	168	atklast	0	0	对单体造成188%的伤害，且优先攻击最后排		188	下一级：对目标造成的伤害提高至192%	260
3	5	1	14	172	atklast	0	0	对单体造成192%的伤害，且优先攻击最后排		192	下一级：对目标造成的伤害提高至196%	280
3	5	1	15	176	atklast	0	0	对单体造成196%的伤害，且优先攻击最后排		196	下一级：对目标造成的伤害提高至200%	300
3	5	1	16	180	atklast	0	0	对单体造成200%的伤害，且优先攻击最后排		200	下一级：对目标造成的伤害提高至204%	320
3	5	1	17	184	atklast	0	0	对单体造成204%的伤害，且优先攻击最后排		204	下一级：对目标造成的伤害提高至208%	340
3	5	1	18	188	atklast	0	0	对单体造成208%的伤害，且优先攻击最后排		208	下一级：对目标造成的伤害提高至212%	360
3	5	1	19	192	atklast	0	0	对单体造成212%的伤害，且优先攻击最后排		212	下一级：对目标造成的伤害提高至216%	380
3	5	1	20	196	atklast	0	0	对单体造成216%的伤害，且优先攻击最后排		216	下一级：对目标造成的伤害提高至220%	400
3	5	1	21	200	atklast	0	0	对单体造成220%的伤害，且优先攻击最后排		220	下一级：对目标造成的伤害提高至224%	420
3	5	1	22	204	atklast	0	0	对单体造成224%的伤害，且优先攻击最后排		224	下一级：对目标造成的伤害提高至228%	440
3	5	1	23	208	atklast	0	0	对单体造成228%的伤害，且优先攻击最后排		228	下一级：对目标造成的伤害提高至232%	460
3	5	1	24	212	atklast	0	0	对单体造成232%的伤害，且优先攻击最后排		232	下一级：对目标造成的伤害提高至236%	480
3	5	1	25	216	atklast	0	0	对单体造成236%的伤害，且优先攻击最后排		236	下一级：对目标造成的伤害提高至240%	500
3	5	1	26	220	atklast	0	0	对单体造成240%的伤害，且优先攻击最后排		240	下一级：对目标造成的伤害提高至244%	520
3	5	1	27	224	atklast	0	0	对单体造成244%的伤害，且优先攻击最后排		244	下一级：对目标造成的伤害提高至248%	540
3	5	1	28	228	atklast	0	0	对单体造成248%的伤害，且优先攻击最后排		248	下一级：对目标造成的伤害提高至252%	560
3	5	1	29	232	atklast	0	0	对单体造成252%的伤害，且优先攻击最后排		252	下一级：对目标造成的伤害提高至256%	580
3	5	1	30	236	atklast	0	0	对单体造成256%的伤害，且优先攻击最后排		256	下一级：对目标造成的伤害提高至260%	600
3	5	1	31	240	atklast	0	0	对单体造成260%的伤害，且优先攻击最后排		260	下一级：对目标造成的伤害提高至264%	620
3	5	1	32	244	atklast	0	0	对单体造成264%的伤害，且优先攻击最后排		264	下一级：对目标造成的伤害提高至268%	640
3	5	1	33	248	atklast	0	0	对单体造成268%的伤害，且优先攻击最后排		268	下一级：对目标造成的伤害提高至272%	660
3	5	1	34	252	atklast	0	0	对单体造成272%的伤害，且优先攻击最后排		272	下一级：对目标造成的伤害提高至276%	680
3	5	1	35	256	atklast	0	0	对单体造成276%的伤害，且优先攻击最后排		276	下一级：对目标造成的伤害提高至280%	700
3	5	1	36	260	atklast	0	0	对单体造成280%的伤害，且优先攻击最后排		280	下一级：对目标造成的伤害提高至284%	720
3	5	1	37	264	atklast	0	0	对单体造成284%的伤害，且优先攻击最后排		284	下一级：对目标造成的伤害提高至288%	740
3	5	1	38	268	atklast	0	0	对单体造成288%的伤害，且优先攻击最后排		288	下一级：对目标造成的伤害提高至292%	760
3	5	1	39	272	atklast	0	0	对单体造成292%的伤害，且优先攻击最后排		292	下一级：对目标造成的伤害提高至296%	780
3	5	1	40	276	atklast	0	0	对单体造成296%的伤害，且优先攻击最后排		296	下一级：对目标造成的伤害提高至300%	800
3	5	1	41	280	atklast	0	0	对单体造成300%的伤害，且优先攻击最后排		300	下一级：对目标造成的伤害提高至304%	820
3	5	1	42	284	atklast	0	0	对单体造成304%的伤害，且优先攻击最后排		304	下一级：对目标造成的伤害提高至308%	840
3	5	1	43	288	atklast	0	0	对单体造成308%的伤害，且优先攻击最后排		308	下一级：对目标造成的伤害提高至312%	860
3	5	1	44	292	atklast	0	0	对单体造成312%的伤害，且优先攻击最后排		312	下一级：对目标造成的伤害提高至316%	880
3	5	1	45	296	atklast	0	0	对单体造成316%的伤害，且优先攻击最后排		316	下一级：对目标造成的伤害提高至320%	900
3	5	1	46	300	atklast	0	0	对单体造成320%的伤害，且优先攻击最后排		320	下一级：对目标造成的伤害提高至324%	920
3	5	1	47	304	atklast	0	0	对单体造成324%的伤害，且优先攻击最后排		324	下一级：对目标造成的伤害提高至328%	940
3	5	1	48	308	atklast	0	0	对单体造成328%的伤害，且优先攻击最后排		328	下一级：对目标造成的伤害提高至332%	960
3	5	1	49	312	atklast	0	0	对单体造成332%的伤害，且优先攻击最后排		332	下一级：对目标造成的伤害提高至336%	980
3	5	1	50	316	atklast	0	0	对单体造成336%的伤害，且优先攻击最后排		336	已升到最高级	1000
4	1	1	1	120	storm	0	0	召唤数道天雷，对敌方单体造成120%的伤害		120	下一级：对目标造成的伤害提高至124%	20
4	1	1	2	124	storm	0	0	召唤数道天雷，对敌方单体造成124%的伤害		124	下一级：对目标造成的伤害提高至128%	40
4	1	1	3	128	storm	0	0	召唤数道天雷，对敌方单体造成128%的伤害		128	下一级：对目标造成的伤害提高至132%	60
4	1	1	4	132	storm	0	0	召唤数道天雷，对敌方单体造成132%的伤害		132	下一级：对目标造成的伤害提高至136%	80
4	1	1	5	136	storm	0	0	召唤数道天雷，对敌方单体造成136%的伤害		136	下一级：对目标造成的伤害提高至140%	100
4	1	1	6	140	storm	0	0	召唤数道天雷，对敌方单体造成140%的伤害		140	下一级：对目标造成的伤害提高至144%	120
4	1	1	7	144	storm	0	0	召唤数道天雷，对敌方单体造成144%的伤害		144	下一级：对目标造成的伤害提高至148%	140
4	1	1	8	148	storm	0	0	召唤数道天雷，对敌方单体造成148%的伤害		148	下一级：对目标造成的伤害提高至152%	160
4	1	1	9	152	storm	0	0	召唤数道天雷，对敌方单体造成152%的伤害		152	下一级：对目标造成的伤害提高至156%	180
4	1	1	10	156	storm	0	0	召唤数道天雷，对敌方单体造成156%的伤害		156	下一级：对目标造成的伤害提高至160%	200
4	1	1	11	160	storm	0	0	召唤数道天雷，对敌方单体造成160%的伤害		160	下一级：对目标造成的伤害提高至164%	220
4	1	1	12	164	storm	0	0	召唤数道天雷，对敌方单体造成164%的伤害		164	下一级：对目标造成的伤害提高至168%	240
4	1	1	13	168	storm	0	0	召唤数道天雷，对敌方单体造成168%的伤害		168	下一级：对目标造成的伤害提高至172%	260
4	1	1	14	172	storm	0	0	召唤数道天雷，对敌方单体造成172%的伤害		172	下一级：对目标造成的伤害提高至176%	280
4	1	1	15	176	storm	0	0	召唤数道天雷，对敌方单体造成176%的伤害		176	下一级：对目标造成的伤害提高至180%	300
4	1	1	16	180	storm	0	0	召唤数道天雷，对敌方单体造成180%的伤害		180	下一级：对目标造成的伤害提高至184%	320
4	1	1	17	184	storm	0	0	召唤数道天雷，对敌方单体造成184%的伤害		184	下一级：对目标造成的伤害提高至188%	340
4	1	1	18	188	storm	0	0	召唤数道天雷，对敌方单体造成188%的伤害		188	下一级：对目标造成的伤害提高至192%	360
4	1	1	19	192	storm	0	0	召唤数道天雷，对敌方单体造成192%的伤害		192	下一级：对目标造成的伤害提高至196%	380
4	1	1	20	196	storm	0	0	召唤数道天雷，对敌方单体造成196%的伤害		196	下一级：对目标造成的伤害提高至200%	400
4	1	1	21	200	storm	0	0	召唤数道天雷，对敌方单体造成200%的伤害		200	下一级：对目标造成的伤害提高至204%	420
4	1	1	22	204	storm	0	0	召唤数道天雷，对敌方单体造成204%的伤害		204	下一级：对目标造成的伤害提高至208%	440
4	1	1	23	208	storm	0	0	召唤数道天雷，对敌方单体造成208%的伤害		208	下一级：对目标造成的伤害提高至212%	460
4	1	1	24	212	storm	0	0	召唤数道天雷，对敌方单体造成212%的伤害		212	下一级：对目标造成的伤害提高至216%	480
4	1	1	25	216	storm	0	0	召唤数道天雷，对敌方单体造成216%的伤害		216	下一级：对目标造成的伤害提高至220%	500
4	1	1	26	220	storm	0	0	召唤数道天雷，对敌方单体造成220%的伤害		220	下一级：对目标造成的伤害提高至224%	520
4	1	1	27	224	storm	0	0	召唤数道天雷，对敌方单体造成224%的伤害		224	下一级：对目标造成的伤害提高至228%	540
4	1	1	28	228	storm	0	0	召唤数道天雷，对敌方单体造成228%的伤害		228	下一级：对目标造成的伤害提高至232%	560
4	1	1	29	232	storm	0	0	召唤数道天雷，对敌方单体造成232%的伤害		232	下一级：对目标造成的伤害提高至236%	580
4	1	1	30	236	storm	0	0	召唤数道天雷，对敌方单体造成236%的伤害		236	下一级：对目标造成的伤害提高至240%	600
4	1	1	31	240	storm	0	0	召唤数道天雷，对敌方单体造成240%的伤害		240	下一级：对目标造成的伤害提高至244%	620
4	1	1	32	244	storm	0	0	召唤数道天雷，对敌方单体造成244%的伤害		244	下一级：对目标造成的伤害提高至248%	640
4	1	1	33	248	storm	0	0	召唤数道天雷，对敌方单体造成248%的伤害		248	下一级：对目标造成的伤害提高至252%	660
4	1	1	34	252	storm	0	0	召唤数道天雷，对敌方单体造成252%的伤害		252	下一级：对目标造成的伤害提高至256%	680
4	1	1	35	256	storm	0	0	召唤数道天雷，对敌方单体造成256%的伤害		256	下一级：对目标造成的伤害提高至260%	700
4	1	1	36	260	storm	0	0	召唤数道天雷，对敌方单体造成260%的伤害		260	下一级：对目标造成的伤害提高至264%	720
4	1	1	37	264	storm	0	0	召唤数道天雷，对敌方单体造成264%的伤害		264	下一级：对目标造成的伤害提高至268%	740
4	1	1	38	268	storm	0	0	召唤数道天雷，对敌方单体造成268%的伤害		268	下一级：对目标造成的伤害提高至272%	760
4	1	1	39	272	storm	0	0	召唤数道天雷，对敌方单体造成272%的伤害		272	下一级：对目标造成的伤害提高至276%	780
4	1	1	40	276	storm	0	0	召唤数道天雷，对敌方单体造成276%的伤害		276	下一级：对目标造成的伤害提高至280%	800
4	1	1	41	280	storm	0	0	召唤数道天雷，对敌方单体造成280%的伤害		280	下一级：对目标造成的伤害提高至284%	820
4	1	1	42	284	storm	0	0	召唤数道天雷，对敌方单体造成284%的伤害		284	下一级：对目标造成的伤害提高至288%	840
4	1	1	43	288	storm	0	0	召唤数道天雷，对敌方单体造成288%的伤害		288	下一级：对目标造成的伤害提高至292%	860
4	1	1	44	292	storm	0	0	召唤数道天雷，对敌方单体造成292%的伤害		292	下一级：对目标造成的伤害提高至296%	880
4	1	1	45	296	storm	0	0	召唤数道天雷，对敌方单体造成296%的伤害		296	下一级：对目标造成的伤害提高至300%	900
4	1	1	46	300	storm	0	0	召唤数道天雷，对敌方单体造成300%的伤害		300	下一级：对目标造成的伤害提高至304%	920
4	1	1	47	304	storm	0	0	召唤数道天雷，对敌方单体造成304%的伤害		304	下一级：对目标造成的伤害提高至308%	940
4	1	1	48	308	storm	0	0	召唤数道天雷，对敌方单体造成308%的伤害		308	下一级：对目标造成的伤害提高至312%	960
4	1	1	49	312	storm	0	0	召唤数道天雷，对敌方单体造成312%的伤害		312	下一级：对目标造成的伤害提高至316%	980
4	1	1	50	316	storm	0	0	召唤数道天雷，对敌方单体造成316%的伤害		316	已升到最高级	1000
4	2	2	1	0	critdamage	50	0	永久提高谋士50点暴击，暴击造成的伤害为普通攻击的150%			下一级：永久提高谋士100点暴击	20
4	2	2	2	0	critdamage	100	0	永久提高谋士100点暴击，暴击造成的伤害为普通攻击的150%			下一级：永久提高谋士150点暴击	40
4	2	2	3	0	critdamage	150	0	永久提高谋士150点暴击，暴击造成的伤害为普通攻击的150%			下一级：永久提高谋士200点暴击	60
4	2	2	4	0	critdamage	200	0	永久提高谋士200点暴击，暴击造成的伤害为普通攻击的150%			下一级：永久提高谋士250点暴击	80
4	2	2	5	0	critdamage	250	0	永久提高谋士250点暴击，暴击造成的伤害为普通攻击的150%			下一级：永久提高谋士300点暴击	100
4	2	2	6	0	critdamage	300	0	永久提高谋士300点暴击，暴击造成的伤害为普通攻击的150%			下一级：永久提高谋士350点暴击	120
4	2	2	7	0	critdamage	350	0	永久提高谋士350点暴击，暴击造成的伤害为普通攻击的150%			下一级：永久提高谋士400点暴击	140
4	2	2	8	0	critdamage	400	0	永久提高谋士400点暴击，暴击造成的伤害为普通攻击的150%			下一级：永久提高谋士450点暴击	160
4	2	2	9	0	critdamage	450	0	永久提高谋士450点暴击，暴击造成的伤害为普通攻击的150%			下一级：永久提高谋士500点暴击	180
4	2	2	10	0	critdamage	500	0	永久提高谋士500点暴击，暴击造成的伤害为普通攻击的150%			下一级：永久提高谋士550点暴击	200
4	2	2	11	0	critdamage	550	0	永久提高谋士550点暴击，暴击造成的伤害为普通攻击的150%			下一级：永久提高谋士600点暴击	220
4	2	2	12	0	critdamage	600	0	永久提高谋士600点暴击，暴击造成的伤害为普通攻击的150%			下一级：永久提高谋士650点暴击	240
4	2	2	13	0	critdamage	650	0	永久提高谋士650点暴击，暴击造成的伤害为普通攻击的150%			下一级：永久提高谋士700点暴击	260
4	2	2	14	0	critdamage	700	0	永久提高谋士700点暴击，暴击造成的伤害为普通攻击的150%			下一级：永久提高谋士750点暴击	280
4	2	2	15	0	critdamage	750	0	永久提高谋士750点暴击，暴击造成的伤害为普通攻击的150%			下一级：永久提高谋士800点暴击	300
4	2	2	16	0	critdamage	800	0	永久提高谋士800点暴击，暴击造成的伤害为普通攻击的150%			下一级：永久提高谋士850点暴击	320
4	2	2	17	0	critdamage	850	0	永久提高谋士850点暴击，暴击造成的伤害为普通攻击的150%			下一级：永久提高谋士900点暴击	340
4	2	2	18	0	critdamage	900	0	永久提高谋士900点暴击，暴击造成的伤害为普通攻击的150%			下一级：永久提高谋士950点暴击	360
4	2	2	19	0	critdamage	950	0	永久提高谋士950点暴击，暴击造成的伤害为普通攻击的150%			下一级：永久提高谋士1000点暴击	380
4	2	2	20	0	critdamage	1000	0	永久提高谋士1000点暴击，暴击造成的伤害为普通攻击的150%			下一级：永久提高谋士1050点暴击	400
4	2	2	21	0	critdamage	1050	0	永久提高谋士1050点暴击，暴击造成的伤害为普通攻击的150%			下一级：永久提高谋士1100点暴击	420
4	2	2	22	0	critdamage	1100	0	永久提高谋士1100点暴击，暴击造成的伤害为普通攻击的150%			下一级：永久提高谋士1150点暴击	440
4	2	2	23	0	critdamage	1150	0	永久提高谋士1150点暴击，暴击造成的伤害为普通攻击的150%			下一级：永久提高谋士1200点暴击	460
4	2	2	24	0	critdamage	1200	0	永久提高谋士1200点暴击，暴击造成的伤害为普通攻击的150%			下一级：永久提高谋士1250点暴击	480
4	2	2	25	0	critdamage	1250	0	永久提高谋士1250点暴击，暴击造成的伤害为普通攻击的150%			下一级：永久提高谋士1300点暴击	500
4	2	2	26	0	critdamage	1300	0	永久提高谋士1300点暴击，暴击造成的伤害为普通攻击的150%			下一级：永久提高谋士1350点暴击	520
4	2	2	27	0	critdamage	1350	0	永久提高谋士1350点暴击，暴击造成的伤害为普通攻击的150%			下一级：永久提高谋士1400点暴击	540
4	2	2	28	0	critdamage	1400	0	永久提高谋士1400点暴击，暴击造成的伤害为普通攻击的150%			下一级：永久提高谋士1450点暴击	560
4	2	2	29	0	critdamage	1450	0	永久提高谋士1450点暴击，暴击造成的伤害为普通攻击的150%			下一级：永久提高谋士1500点暴击	580
4	2	2	30	0	critdamage	1500	0	永久提高谋士1500点暴击，暴击造成的伤害为普通攻击的150%			下一级：永久提高谋士1550点暴击	600
4	2	2	31	0	critdamage	1550	0	永久提高谋士1550点暴击，暴击造成的伤害为普通攻击的150%			下一级：永久提高谋士1600点暴击	620
4	2	2	32	0	critdamage	1600	0	永久提高谋士1600点暴击，暴击造成的伤害为普通攻击的150%			下一级：永久提高谋士1650点暴击	640
4	2	2	33	0	critdamage	1650	0	永久提高谋士1650点暴击，暴击造成的伤害为普通攻击的150%			下一级：永久提高谋士1700点暴击	660
4	2	2	34	0	critdamage	1700	0	永久提高谋士1700点暴击，暴击造成的伤害为普通攻击的150%			下一级：永久提高谋士1750点暴击	680
4	2	2	35	0	critdamage	1750	0	永久提高谋士1750点暴击，暴击造成的伤害为普通攻击的150%			下一级：永久提高谋士1800点暴击	700
4	2	2	36	0	critdamage	1800	0	永久提高谋士1800点暴击，暴击造成的伤害为普通攻击的150%			下一级：永久提高谋士1850点暴击	720
4	2	2	37	0	critdamage	1850	0	永久提高谋士1850点暴击，暴击造成的伤害为普通攻击的150%			下一级：永久提高谋士1900点暴击	740
4	2	2	38	0	critdamage	1900	0	永久提高谋士1900点暴击，暴击造成的伤害为普通攻击的150%			下一级：永久提高谋士1950点暴击	760
4	2	2	39	0	critdamage	1950	0	永久提高谋士1950点暴击，暴击造成的伤害为普通攻击的150%			下一级：永久提高谋士2000点暴击	780
4	2	2	40	0	critdamage	2000	0	永久提高谋士2000点暴击，暴击造成的伤害为普通攻击的150%			下一级：永久提高谋士2050点暴击	800
4	2	2	41	0	critdamage	2050	0	永久提高谋士2050点暴击，暴击造成的伤害为普通攻击的150%			下一级：永久提高谋士2100点暴击	820
4	2	2	42	0	critdamage	2100	0	永久提高谋士2100点暴击，暴击造成的伤害为普通攻击的150%			下一级：永久提高谋士2150点暴击	840
4	2	2	43	0	critdamage	2150	0	永久提高谋士2150点暴击，暴击造成的伤害为普通攻击的150%			下一级：永久提高谋士2200点暴击	860
4	2	2	44	0	critdamage	2200	0	永久提高谋士2200点暴击，暴击造成的伤害为普通攻击的150%			下一级：永久提高谋士2250点暴击	880
4	2	2	45	0	critdamage	2250	0	永久提高谋士2250点暴击，暴击造成的伤害为普通攻击的150%			下一级：永久提高谋士2300点暴击	900
4	2	2	46	0	critdamage	2300	0	永久提高谋士2300点暴击，暴击造成的伤害为普通攻击的150%			下一级：永久提高谋士2350点暴击	920
4	2	2	47	0	critdamage	2350	0	永久提高谋士2350点暴击，暴击造成的伤害为普通攻击的150%			下一级：永久提高谋士2400点暴击	940
4	2	2	48	0	critdamage	2400	0	永久提高谋士2400点暴击，暴击造成的伤害为普通攻击的150%			下一级：永久提高谋士2450点暴击	960
4	2	2	49	0	critdamage	2450	0	永久提高谋士2450点暴击，暴击造成的伤害为普通攻击的150%			下一级：永久提高谋士2500点暴击	980
4	2	2	50	0	critdamage	2500	0	永久提高谋士2500点暴击，暴击造成的伤害为普通攻击的150%			已升到最高级	1000
4	3	1	1	120	atkall	0	0	召唤大量陨石，对敌方全体武将造成40%的伤害		40	下一级：对全体目标造成42%的伤害	20
4	3	1	2	124	atkall	0	0	召唤大量陨石，对敌方全体武将造成42%的伤害		42	下一级：对全体目标造成44%的伤害	40
4	3	1	3	128	atkall	0	0	召唤大量陨石，对敌方全体武将造成44%的伤害		44	下一级：对全体目标造成46%的伤害	60
4	3	1	4	132	atkall	0	0	召唤大量陨石，对敌方全体武将造成46%的伤害		46	下一级：对全体目标造成48%的伤害	80
4	3	1	5	136	atkall	0	0	召唤大量陨石，对敌方全体武将造成48%的伤害		48	下一级：对全体目标造成50%的伤害	100
4	3	1	6	140	atkall	0	0	召唤大量陨石，对敌方全体武将造成50%的伤害		50	下一级：对全体目标造成52%的伤害	120
4	3	1	7	144	atkall	0	0	召唤大量陨石，对敌方全体武将造成52%的伤害		52	下一级：对全体目标造成54%的伤害	140
4	3	1	8	148	atkall	0	0	召唤大量陨石，对敌方全体武将造成54%的伤害		54	下一级：对全体目标造成56%的伤害	160
4	3	1	9	152	atkall	0	0	召唤大量陨石，对敌方全体武将造成56%的伤害		56	下一级：对全体目标造成58%的伤害	180
4	3	1	10	156	atkall	0	0	召唤大量陨石，对敌方全体武将造成58%的伤害		58	下一级：对全体目标造成60%的伤害	200
4	3	1	11	160	atkall	0	0	召唤大量陨石，对敌方全体武将造成60%的伤害		60	下一级：对全体目标造成62%的伤害	220
4	3	1	12	164	atkall	0	0	召唤大量陨石，对敌方全体武将造成62%的伤害		62	下一级：对全体目标造成64%的伤害	240
4	3	1	13	168	atkall	0	0	召唤大量陨石，对敌方全体武将造成64%的伤害		64	下一级：对全体目标造成66%的伤害	260
4	3	1	14	172	atkall	0	0	召唤大量陨石，对敌方全体武将造成66%的伤害		66	下一级：对全体目标造成68%的伤害	280
4	3	1	15	176	atkall	0	0	召唤大量陨石，对敌方全体武将造成68%的伤害		68	下一级：对全体目标造成70%的伤害	300
4	3	1	16	180	atkall	0	0	召唤大量陨石，对敌方全体武将造成70%的伤害		70	下一级：对全体目标造成72%的伤害	320
4	3	1	17	184	atkall	0	0	召唤大量陨石，对敌方全体武将造成72%的伤害		72	下一级：对全体目标造成74%的伤害	340
4	3	1	18	188	atkall	0	0	召唤大量陨石，对敌方全体武将造成74%的伤害		74	下一级：对全体目标造成76%的伤害	360
4	3	1	19	192	atkall	0	0	召唤大量陨石，对敌方全体武将造成76%的伤害		76	下一级：对全体目标造成78%的伤害	380
4	3	1	20	196	atkall	0	0	召唤大量陨石，对敌方全体武将造成78%的伤害		78	下一级：对全体目标造成80%的伤害	400
4	3	1	21	200	atkall	0	0	召唤大量陨石，对敌方全体武将造成80%的伤害		80	下一级：对全体目标造成82%的伤害	420
4	3	1	22	204	atkall	0	0	召唤大量陨石，对敌方全体武将造成82%的伤害		82	下一级：对全体目标造成84%的伤害	440
4	3	1	23	208	atkall	0	0	召唤大量陨石，对敌方全体武将造成84%的伤害		84	下一级：对全体目标造成86%的伤害	460
4	3	1	24	212	atkall	0	0	召唤大量陨石，对敌方全体武将造成86%的伤害		86	下一级：对全体目标造成88%的伤害	480
4	3	1	25	216	atkall	0	0	召唤大量陨石，对敌方全体武将造成88%的伤害		88	下一级：对全体目标造成90%的伤害	500
4	3	1	26	220	atkall	0	0	召唤大量陨石，对敌方全体武将造成90%的伤害		90	下一级：对全体目标造成92%的伤害	520
4	3	1	27	224	atkall	0	0	召唤大量陨石，对敌方全体武将造成92%的伤害		92	下一级：对全体目标造成94%的伤害	540
4	3	1	28	228	atkall	0	0	召唤大量陨石，对敌方全体武将造成94%的伤害		94	下一级：对全体目标造成96%的伤害	560
4	3	1	29	232	atkall	0	0	召唤大量陨石，对敌方全体武将造成96%的伤害		96	下一级：对全体目标造成98%的伤害	580
4	3	1	30	236	atkall	0	0	召唤大量陨石，对敌方全体武将造成98%的伤害		98	下一级：对全体目标造成100%的伤害	600
4	3	1	31	240	atkall	0	0	召唤大量陨石，对敌方全体武将造成100%的伤害		100	下一级：对全体目标造成102%的伤害	620
4	3	1	32	244	atkall	0	0	召唤大量陨石，对敌方全体武将造成102%的伤害		102	下一级：对全体目标造成104%的伤害	640
4	3	1	33	248	atkall	0	0	召唤大量陨石，对敌方全体武将造成104%的伤害		104	下一级：对全体目标造成106%的伤害	660
4	3	1	34	252	atkall	0	0	召唤大量陨石，对敌方全体武将造成106%的伤害		106	下一级：对全体目标造成108%的伤害	680
4	3	1	35	256	atkall	0	0	召唤大量陨石，对敌方全体武将造成108%的伤害		108	下一级：对全体目标造成110%的伤害	700
4	3	1	36	260	atkall	0	0	召唤大量陨石，对敌方全体武将造成110%的伤害		110	下一级：对全体目标造成112%的伤害	720
4	3	1	37	264	atkall	0	0	召唤大量陨石，对敌方全体武将造成112%的伤害		112	下一级：对全体目标造成114%的伤害	740
4	3	1	38	268	atkall	0	0	召唤大量陨石，对敌方全体武将造成114%的伤害		114	下一级：对全体目标造成116%的伤害	760
4	3	1	39	272	atkall	0	0	召唤大量陨石，对敌方全体武将造成116%的伤害		116	下一级：对全体目标造成118%的伤害	780
4	3	1	40	276	atkall	0	0	召唤大量陨石，对敌方全体武将造成118%的伤害		118	下一级：对全体目标造成120%的伤害	800
4	3	1	41	280	atkall	0	0	召唤大量陨石，对敌方全体武将造成120%的伤害		120	下一级：对全体目标造成122%的伤害	820
4	3	1	42	284	atkall	0	0	召唤大量陨石，对敌方全体武将造成122%的伤害		122	下一级：对全体目标造成124%的伤害	840
4	3	1	43	288	atkall	0	0	召唤大量陨石，对敌方全体武将造成124%的伤害		124	下一级：对全体目标造成126%的伤害	860
4	3	1	44	292	atkall	0	0	召唤大量陨石，对敌方全体武将造成126%的伤害		126	下一级：对全体目标造成128%的伤害	880
4	3	1	45	296	atkall	0	0	召唤大量陨石，对敌方全体武将造成128%的伤害		128	下一级：对全体目标造成130%的伤害	900
4	3	1	46	300	atkall	0	0	召唤大量陨石，对敌方全体武将造成130%的伤害		130	下一级：对全体目标造成132%的伤害	920
4	3	1	47	304	atkall	0	0	召唤大量陨石，对敌方全体武将造成132%的伤害		132	下一级：对全体目标造成134%的伤害	940
4	3	1	48	308	atkall	0	0	召唤大量陨石，对敌方全体武将造成134%的伤害		134	下一级：对全体目标造成136%的伤害	960
4	3	1	49	312	atkall	0	0	召唤大量陨石，对敌方全体武将造成136%的伤害		136	下一级：对全体目标造成138%的伤害	980
4	3	1	50	316	atkall	0	0	召唤大量陨石，对敌方全体武将造成138%的伤害		138	已经到最高级	1000
4	4	2	1	0	unblock	50	0	永久提高谋士50破招，破招可降低敌方格挡几率			下一级：永久提高谋士100点破招	20
4	4	2	2	0	unblock	100	0	永久提高谋士100破招，破招可降低敌方格挡几率			下一级：永久提高谋士150点破招	40
4	4	2	3	0	unblock	150	0	永久提高谋士150破招，破招可降低敌方格挡几率			下一级：永久提高谋士200点破招	60
4	4	2	4	0	unblock	200	0	永久提高谋士200破招，破招可降低敌方格挡几率			下一级：永久提高谋士250点破招	80
4	4	2	5	0	unblock	250	0	永久提高谋士250破招，破招可降低敌方格挡几率			下一级：永久提高谋士300点破招	100
4	4	2	6	0	unblock	300	0	永久提高谋士300破招，破招可降低敌方格挡几率			下一级：永久提高谋士350点破招	120
4	4	2	7	0	unblock	350	0	永久提高谋士350破招，破招可降低敌方格挡几率			下一级：永久提高谋士400点破招	140
4	4	2	8	0	unblock	400	0	永久提高谋士400破招，破招可降低敌方格挡几率			下一级：永久提高谋士450点破招	160
4	4	2	9	0	unblock	450	0	永久提高谋士450破招，破招可降低敌方格挡几率			下一级：永久提高谋士500点破招	180
4	4	2	10	0	unblock	500	0	永久提高谋士500破招，破招可降低敌方格挡几率			下一级：永久提高谋士550点破招	200
4	4	2	11	0	unblock	550	0	永久提高谋士550破招，破招可降低敌方格挡几率			下一级：永久提高谋士600点破招	220
4	4	2	12	0	unblock	600	0	永久提高谋士600破招，破招可降低敌方格挡几率			下一级：永久提高谋士650点破招	240
4	4	2	13	0	unblock	650	0	永久提高谋士650破招，破招可降低敌方格挡几率			下一级：永久提高谋士700点破招	260
4	4	2	14	0	unblock	700	0	永久提高谋士700破招，破招可降低敌方格挡几率			下一级：永久提高谋士750点破招	280
4	4	2	15	0	unblock	750	0	永久提高谋士750破招，破招可降低敌方格挡几率			下一级：永久提高谋士800点破招	300
4	4	2	16	0	unblock	800	0	永久提高谋士800破招，破招可降低敌方格挡几率			下一级：永久提高谋士850点破招	320
4	4	2	17	0	unblock	850	0	永久提高谋士850破招，破招可降低敌方格挡几率			下一级：永久提高谋士900点破招	340
4	4	2	18	0	unblock	900	0	永久提高谋士900破招，破招可降低敌方格挡几率			下一级：永久提高谋士950点破招	360
4	4	2	19	0	unblock	950	0	永久提高谋士950破招，破招可降低敌方格挡几率			下一级：永久提高谋士1000点破招	380
4	4	2	20	0	unblock	1000	0	永久提高谋士1000破招，破招可降低敌方格挡几率			下一级：永久提高谋士1050点破招	400
4	4	2	21	0	unblock	1050	0	永久提高谋士1050破招，破招可降低敌方格挡几率			下一级：永久提高谋士1100点破招	420
4	4	2	22	0	unblock	1100	0	永久提高谋士1100破招，破招可降低敌方格挡几率			下一级：永久提高谋士1150点破招	440
4	4	2	23	0	unblock	1150	0	永久提高谋士1150破招，破招可降低敌方格挡几率			下一级：永久提高谋士1200点破招	460
4	4	2	24	0	unblock	1200	0	永久提高谋士1200破招，破招可降低敌方格挡几率			下一级：永久提高谋士1250点破招	480
4	4	2	25	0	unblock	1250	0	永久提高谋士1250破招，破招可降低敌方格挡几率			下一级：永久提高谋士1300点破招	500
4	4	2	26	0	unblock	1300	0	永久提高谋士1300破招，破招可降低敌方格挡几率			下一级：永久提高谋士1350点破招	520
4	4	2	27	0	unblock	1350	0	永久提高谋士1350破招，破招可降低敌方格挡几率			下一级：永久提高谋士1400点破招	540
4	4	2	28	0	unblock	1400	0	永久提高谋士1400破招，破招可降低敌方格挡几率			下一级：永久提高谋士1450点破招	560
4	4	2	29	0	unblock	1450	0	永久提高谋士1450破招，破招可降低敌方格挡几率			下一级：永久提高谋士1500点破招	580
4	4	2	30	0	unblock	1500	0	永久提高谋士1500破招，破招可降低敌方格挡几率			下一级：永久提高谋士1550点破招	600
4	4	2	31	0	unblock	1550	0	永久提高谋士1550破招，破招可降低敌方格挡几率			下一级：永久提高谋士1600点破招	620
4	4	2	32	0	unblock	1600	0	永久提高谋士1600破招，破招可降低敌方格挡几率			下一级：永久提高谋士1650点破招	640
4	4	2	33	0	unblock	1650	0	永久提高谋士1650破招，破招可降低敌方格挡几率			下一级：永久提高谋士1700点破招	660
4	4	2	34	0	unblock	1700	0	永久提高谋士1700破招，破招可降低敌方格挡几率			下一级：永久提高谋士1750点破招	680
4	4	2	35	0	unblock	1750	0	永久提高谋士1750破招，破招可降低敌方格挡几率			下一级：永久提高谋士1800点破招	700
4	4	2	36	0	unblock	1800	0	永久提高谋士1800破招，破招可降低敌方格挡几率			下一级：永久提高谋士1850点破招	720
4	4	2	37	0	unblock	1850	0	永久提高谋士1850破招，破招可降低敌方格挡几率			下一级：永久提高谋士1900点破招	740
4	4	2	38	0	unblock	1900	0	永久提高谋士1900破招，破招可降低敌方格挡几率			下一级：永久提高谋士1950点破招	760
4	4	2	39	0	unblock	1950	0	永久提高谋士1950破招，破招可降低敌方格挡几率			下一级：永久提高谋士2000点破招	780
4	4	2	40	0	unblock	2000	0	永久提高谋士2000破招，破招可降低敌方格挡几率			下一级：永久提高谋士2050点破招	800
4	4	2	41	0	unblock	2050	0	永久提高谋士2050破招，破招可降低敌方格挡几率			下一级：永久提高谋士2100点破招	820
4	4	2	42	0	unblock	2100	0	永久提高谋士2100破招，破招可降低敌方格挡几率			下一级：永久提高谋士2150点破招	840
4	4	2	43	0	unblock	2150	0	永久提高谋士2150破招，破招可降低敌方格挡几率			下一级：永久提高谋士2200点破招	860
4	4	2	44	0	unblock	2200	0	永久提高谋士2200破招，破招可降低敌方格挡几率			下一级：永久提高谋士2250点破招	880
4	4	2	45	0	unblock	2250	0	永久提高谋士2250破招，破招可降低敌方格挡几率			下一级：永久提高谋士2300点破招	900
4	4	2	46	0	unblock	2300	0	永久提高谋士2300破招，破招可降低敌方格挡几率			下一级：永久提高谋士2350点破招	920
4	4	2	47	0	unblock	2350	0	永久提高谋士2350破招，破招可降低敌方格挡几率			下一级：永久提高谋士2400点破招	940
4	4	2	48	0	unblock	2400	0	永久提高谋士2400破招，破招可降低敌方格挡几率			下一级：永久提高谋士2450点破招	960
4	4	2	49	0	unblock	2450	0	永久提高谋士2450破招，破招可降低敌方格挡几率			下一级：永久提高谋士1250点破招	980
4	4	2	50	0	unblock	2500	0	永久提高谋士2500破招，破招可降低敌方格挡几率			已升到最高级	1000
4	5	1	1	120	sleep	100	0	对单体造成50%的伤害，并使其无法行动，持续1回合	1	50	下一级：对目标造成的伤害提高至52%	20
4	5	1	2	124	sleep	100	0	对单体造成52%的伤害，并使其无法行动，持续1回合	1	52	下一级：对目标造成的伤害提高至54%	40
4	5	1	3	128	sleep	100	0	对单体造成54%的伤害，并使其无法行动，持续1回合	1	54	下一级：对目标造成的伤害提高至56%	60
4	5	1	4	132	sleep	100	0	对单体造成56%的伤害，并使其无法行动，持续1回合	1	56	下一级：对目标造成的伤害提高至58%	80
4	5	1	5	136	sleep	100	0	对单体造成58%的伤害，并使其无法行动，持续1回合	1	58	下一级：对目标造成的伤害提高至60%	100
4	5	1	6	140	sleep	100	0	对单体造成60%的伤害，并使其无法行动，持续1回合	1	60	下一级：对目标造成的伤害提高至62%	120
4	5	1	7	144	sleep	100	0	对单体造成62%的伤害，并使其无法行动，持续1回合	1	62	下一级：对目标造成的伤害提高至64%	140
4	5	1	8	148	sleep	100	0	对单体造成64%的伤害，并使其无法行动，持续1回合	1	64	下一级：对目标造成的伤害提高至66%	160
4	5	1	9	152	sleep	100	0	对单体造成66%的伤害，并使其无法行动，持续1回合	1	66	下一级：对目标造成的伤害提高至68%	180
4	5	1	10	156	sleep	100	0	对单体造成68%的伤害，并使其无法行动，持续1回合	1	68	下一级：对目标造成的伤害提高至70%	200
4	5	1	11	160	sleep	100	0	对单体造成70%的伤害，并使其无法行动，持续1回合	1	70	下一级：对目标造成的伤害提高至72%	220
4	5	1	12	164	sleep	100	0	对单体造成72%的伤害，并使其无法行动，持续1回合	1	72	下一级：对目标造成的伤害提高至74%	240
4	5	1	13	168	sleep	100	0	对单体造成74%的伤害，并使其无法行动，持续1回合	1	74	下一级：对目标造成的伤害提高至76%	260
4	5	1	14	172	sleep	100	0	对单体造成76%的伤害，并使其无法行动，持续1回合	1	76	下一级：对目标造成的伤害提高至78%	280
4	5	1	15	176	sleep	100	0	对单体造成78%的伤害，并使其无法行动，持续1回合	1	78	下一级：对目标造成的伤害提高至80%	300
4	5	1	16	180	sleep	100	0	对单体造成80%的伤害，并使其无法行动，持续1回合	1	80	下一级：对目标造成的伤害提高至82%	320
4	5	1	17	184	sleep	100	0	对单体造成82%的伤害，并使其无法行动，持续1回合	1	82	下一级：对目标造成的伤害提高至84%	340
4	5	1	18	188	sleep	100	0	对单体造成84%的伤害，并使其无法行动，持续1回合	1	84	下一级：对目标造成的伤害提高至86%	360
4	5	1	19	192	sleep	100	0	对单体造成86%的伤害，并使其无法行动，持续1回合	1	86	下一级：对目标造成的伤害提高至88%	380
4	5	1	20	196	sleep	100	0	对单体造成88%的伤害，并使其无法行动，持续1回合	1	88	下一级：对目标造成的伤害提高至90%	400
4	5	1	21	200	sleep	100	0	对单体造成90%的伤害，并使其无法行动，持续1回合	1	90	下一级：对目标造成的伤害提高至92%	420
4	5	1	22	204	sleep	100	0	对单体造成92%的伤害，并使其无法行动，持续1回合	1	92	下一级：对目标造成的伤害提高至94%	440
4	5	1	23	208	sleep	100	0	对单体造成94%的伤害，并使其无法行动，持续1回合	1	94	下一级：对目标造成的伤害提高至96%	460
4	5	1	24	212	sleep	100	0	对单体造成96%的伤害，并使其无法行动，持续1回合	1	96	下一级：对目标造成的伤害提高至98%	480
4	5	1	25	216	sleep	100	0	对单体造成98%的伤害，并使其无法行动，持续1回合	1	98	下一级：对目标造成的伤害提高至100%	500
4	5	1	26	220	sleep	100	0	对单体造成100%的伤害，并使其无法行动，持续1回合	1	100	下一级：对目标造成的伤害提高至102%	520
4	5	1	27	224	sleep	100	0	对单体造成102%的伤害，并使其无法行动，持续1回合	1	102	下一级：对目标造成的伤害提高至104%	540
4	5	1	28	228	sleep	100	0	对单体造成104%的伤害，并使其无法行动，持续1回合	1	104	下一级：对目标造成的伤害提高至106%	560
4	5	1	29	232	sleep	100	0	对单体造成106%的伤害，并使其无法行动，持续1回合	1	106	下一级：对目标造成的伤害提高至108%	580
4	5	1	30	236	sleep	100	0	对单体造成108%的伤害，并使其无法行动，持续1回合	1	108	下一级：对目标造成的伤害提高至110%	600
4	5	1	31	240	sleep	100	0	对单体造成110%的伤害，并使其无法行动，持续1回合	1	110	下一级：对目标造成的伤害提高至112%	620
4	5	1	32	244	sleep	100	0	对单体造成112%的伤害，并使其无法行动，持续1回合	1	112	下一级：对目标造成的伤害提高至114%	640
4	5	1	33	248	sleep	100	0	对单体造成114%的伤害，并使其无法行动，持续1回合	1	114	下一级：对目标造成的伤害提高至116%	660
4	5	1	34	252	sleep	100	0	对单体造成116%的伤害，并使其无法行动，持续1回合	1	116	下一级：对目标造成的伤害提高至118%	680
4	5	1	35	256	sleep	100	0	对单体造成118%的伤害，并使其无法行动，持续1回合	1	118	下一级：对目标造成的伤害提高至120%	700
4	5	1	36	260	sleep	100	0	对单体造成120%的伤害，并使其无法行动，持续1回合	1	120	下一级：对目标造成的伤害提高至122%	720
4	5	1	37	264	sleep	100	0	对单体造成122%的伤害，并使其无法行动，持续1回合	1	122	下一级：对目标造成的伤害提高至124%	740
4	5	1	38	268	sleep	100	0	对单体造成124%的伤害，并使其无法行动，持续1回合	1	124	下一级：对目标造成的伤害提高至126%	760
4	5	1	39	272	sleep	100	0	对单体造成126%的伤害，并使其无法行动，持续1回合	1	126	下一级：对目标造成的伤害提高至128%	780
4	5	1	40	276	sleep	100	0	对单体造成128%的伤害，并使其无法行动，持续1回合	1	128	下一级：对目标造成的伤害提高至130%	800
4	5	1	41	280	sleep	100	0	对单体造成130%的伤害，并使其无法行动，持续1回合	1	130	下一级：对目标造成的伤害提高至132%	820
4	5	1	42	284	sleep	100	0	对单体造成132%的伤害，并使其无法行动，持续1回合	1	132	下一级：对目标造成的伤害提高至134%	840
4	5	1	43	288	sleep	100	0	对单体造成134%的伤害，并使其无法行动，持续1回合	1	134	下一级：对目标造成的伤害提高至136%	860
4	5	1	44	292	sleep	100	0	对单体造成136%的伤害，并使其无法行动，持续1回合	1	136	下一级：对目标造成的伤害提高至138%	880
4	5	1	45	296	sleep	100	0	对单体造成138%的伤害，并使其无法行动，持续1回合	1	138	下一级：对目标造成的伤害提高至140%	900
4	5	1	46	300	sleep	100	0	对单体造成140%的伤害，并使其无法行动，持续1回合	1	140	下一级：对目标造成的伤害提高至142%	920
4	5	1	47	304	sleep	100	0	对单体造成142%的伤害，并使其无法行动，持续1回合	1	142	下一级：对目标造成的伤害提高至144%	940
4	5	1	48	308	sleep	100	0	对单体造成144%的伤害，并使其无法行动，持续1回合	1	144	下一级：对目标造成的伤害提高至146%	960
4	5	1	49	312	sleep	100	0	对单体造成146%的伤害，并使其无法行动，持续1回合	1	146	下一级：对目标造成的伤害提高至148%	980
4	5	1	50	316	sleep	100	0	对单体造成148%的伤害，并使其无法行动，持续1回合	1	148	已升到最高级	1000
5	1	1	1	120	confuse	50	0	对单体造成30%伤害的同时50%几率魅惑目标,使其在下一回合攻击本方武将	1	30	下一级：魅惑伤害提高至31%，魅惑几率提高至51%	20
5	1	1	2	124	confuse	51	0	对单体造成31%伤害的同时51%几率魅惑目标,使其在下一回合攻击本方武将	1	31	下一级：魅惑伤害提高至32%，魅惑几率提高至52%	40
5	1	1	3	128	confuse	52	0	对单体造成32%伤害的同时52%几率魅惑目标,使其在下一回合攻击本方武将	1	32	下一级：魅惑伤害提高至33%，魅惑几率提高至53%	60
5	1	1	4	132	confuse	53	0	对单体造成33%伤害的同时53%几率魅惑目标,使其在下一回合攻击本方武将	1	33	下一级：魅惑伤害提高至34%，魅惑几率提高至54%	80
5	1	1	5	136	confuse	54	0	对单体造成34%伤害的同时54%几率魅惑目标,使其在下一回合攻击本方武将	1	34	下一级：魅惑伤害提高至35%，魅惑几率提高至55%	100
5	1	1	6	140	confuse	55	0	对单体造成35%伤害的同时55%几率魅惑目标,使其在下一回合攻击本方武将	1	35	下一级：魅惑伤害提高至36%，魅惑几率提高至56%	120
5	1	1	7	144	confuse	56	0	对单体造成36%伤害的同时56%几率魅惑目标,使其在下一回合攻击本方武将	1	36	下一级：魅惑伤害提高至37%，魅惑几率提高至57%	140
5	1	1	8	148	confuse	57	0	对单体造成37%伤害的同时57%几率魅惑目标,使其在下一回合攻击本方武将	1	37	下一级：魅惑伤害提高至38%，魅惑几率提高至58%	160
5	1	1	9	152	confuse	58	0	对单体造成38%伤害的同时58%几率魅惑目标,使其在下一回合攻击本方武将	1	38	下一级：魅惑伤害提高至39%，魅惑几率提高至59%	180
5	1	1	10	156	confuse	59	0	对单体造成39%伤害的同时59%几率魅惑目标,使其在下一回合攻击本方武将	1	39	下一级：魅惑伤害提高至40%，魅惑几率提高至60%	200
5	1	1	11	160	confuse	60	0	对单体造成40%伤害的同时60%几率魅惑目标,使其在下一回合攻击本方武将	1	40	下一级：魅惑伤害提高至41%，魅惑几率提高至61%	220
5	1	1	12	164	confuse	61	0	对单体造成41%伤害的同时61%几率魅惑目标,使其在下一回合攻击本方武将	1	41	下一级：魅惑伤害提高至42%，魅惑几率提高至62%	240
5	1	1	13	168	confuse	62	0	对单体造成42%伤害的同时62%几率魅惑目标,使其在下一回合攻击本方武将	1	42	下一级：魅惑伤害提高至43%，魅惑几率提高至63%	260
5	1	1	14	172	confuse	63	0	对单体造成43%伤害的同时63%几率魅惑目标,使其在下一回合攻击本方武将	1	43	下一级：魅惑伤害提高至44%，魅惑几率提高至64%	280
5	1	1	15	176	confuse	64	0	对单体造成44%伤害的同时64%几率魅惑目标,使其在下一回合攻击本方武将	1	44	下一级：魅惑伤害提高至45%，魅惑几率提高至65%	300
5	1	1	16	180	confuse	65	0	对单体造成45%伤害的同时65%几率魅惑目标,使其在下一回合攻击本方武将	1	45	下一级：魅惑伤害提高至46%，魅惑几率提高至66%	320
5	1	1	17	184	confuse	66	0	对单体造成46%伤害的同时66%几率魅惑目标,使其在下一回合攻击本方武将	1	46	下一级：魅惑伤害提高至47%，魅惑几率提高至67%	340
5	1	1	18	188	confuse	67	0	对单体造成47%伤害的同时67%几率魅惑目标,使其在下一回合攻击本方武将	1	47	下一级：魅惑伤害提高至48%，魅惑几率提高至68%	360
5	1	1	19	192	confuse	68	0	对单体造成48%伤害的同时68%几率魅惑目标,使其在下一回合攻击本方武将	1	48	下一级：魅惑伤害提高至49%，魅惑几率提高至69%	380
5	1	1	20	196	confuse	69	0	对单体造成49%伤害的同时69%几率魅惑目标,使其在下一回合攻击本方武将	1	49	下一级：魅惑伤害提高至50%，魅惑几率提高至70%	400
5	1	1	21	200	confuse	70	0	对单体造成50%伤害的同时70%几率魅惑目标,使其在下一回合攻击本方武将	1	50	下一级：魅惑伤害提高至51%，魅惑几率提高至71%	420
5	1	1	22	204	confuse	71	0	对单体造成51%伤害的同时71%几率魅惑目标,使其在下一回合攻击本方武将	1	51	下一级：魅惑伤害提高至52%，魅惑几率提高至72%	440
5	1	1	23	208	confuse	72	0	对单体造成52%伤害的同时72%几率魅惑目标,使其在下一回合攻击本方武将	1	52	下一级：魅惑伤害提高至53%，魅惑几率提高至73%	460
5	1	1	24	212	confuse	73	0	对单体造成53%伤害的同时73%几率魅惑目标,使其在下一回合攻击本方武将	1	53	下一级：魅惑伤害提高至54%，魅惑几率提高至74%	480
5	1	1	25	216	confuse	74	0	对单体造成54%伤害的同时74%几率魅惑目标,使其在下一回合攻击本方武将	1	54	下一级：魅惑伤害提高至55%，魅惑几率提高至75%	500
5	1	1	26	220	confuse	75	0	对单体造成55%伤害的同时75%几率魅惑目标,使其在下一回合攻击本方武将	1	55	下一级：魅惑伤害提高至56%，魅惑几率提高至76%	520
5	1	1	27	224	confuse	76	0	对单体造成56%伤害的同时76%几率魅惑目标,使其在下一回合攻击本方武将	1	56	下一级：魅惑伤害提高至57%，魅惑几率提高至77%	540
5	1	1	28	228	confuse	77	0	对单体造成57%伤害的同时77%几率魅惑目标,使其在下一回合攻击本方武将	1	57	下一级：魅惑伤害提高至58%，魅惑几率提高至78%	560
5	1	1	29	232	confuse	78	0	对单体造成58%伤害的同时78%几率魅惑目标,使其在下一回合攻击本方武将	1	58	下一级：魅惑伤害提高至59%，魅惑几率提高至79%	580
5	1	1	30	236	confuse	79	0	对单体造成59%伤害的同时79%几率魅惑目标,使其在下一回合攻击本方武将	1	59	下一级：魅惑伤害提高至60%，魅惑几率提高至80%	600
5	1	1	31	240	confuse	80	0	对单体造成60%伤害的同时80%几率魅惑目标,使其在下一回合攻击本方武将	1	60	下一级：魅惑伤害提高至61%，魅惑几率提高至81%	620
5	1	1	32	244	confuse	81	0	对单体造成61%伤害的同时81%几率魅惑目标,使其在下一回合攻击本方武将	1	61	下一级：魅惑伤害提高至62%，魅惑几率提高至82%	640
5	1	1	33	248	confuse	82	0	对单体造成62%伤害的同时82%几率魅惑目标,使其在下一回合攻击本方武将	1	62	下一级：魅惑伤害提高至63%，魅惑几率提高至83%	660
5	1	1	34	252	confuse	83	0	对单体造成63%伤害的同时83%几率魅惑目标,使其在下一回合攻击本方武将	1	63	下一级：魅惑伤害提高至64%，魅惑几率提高至84%	680
5	1	1	35	256	confuse	84	0	对单体造成64%伤害的同时84%几率魅惑目标,使其在下一回合攻击本方武将	1	64	下一级：魅惑伤害提高至65%，魅惑几率提高至85%	700
5	1	1	36	260	confuse	85	0	对单体造成65%伤害的同时85%几率魅惑目标,使其在下一回合攻击本方武将	1	65	下一级：魅惑伤害提高至66%，魅惑几率提高至86%	720
5	1	1	37	264	confuse	86	0	对单体造成66%伤害的同时86%几率魅惑目标,使其在下一回合攻击本方武将	1	66	下一级：魅惑伤害提高至67%，魅惑几率提高至87%	740
5	1	1	38	268	confuse	87	0	对单体造成67%伤害的同时87%几率魅惑目标,使其在下一回合攻击本方武将	1	67	下一级：魅惑伤害提高至68%，魅惑几率提高至88%	760
5	1	1	39	272	confuse	88	0	对单体造成68%伤害的同时88%几率魅惑目标,使其在下一回合攻击本方武将	1	68	下一级：魅惑伤害提高至69%，魅惑几率提高至89%	780
5	1	1	40	276	confuse	89	0	对单体造成69%伤害的同时89%几率魅惑目标,使其在下一回合攻击本方武将	1	69	下一级：魅惑伤害提高至70%，魅惑几率提高至90%	800
5	1	1	41	280	confuse	90	0	对单体造成70%伤害的同时90%几率魅惑目标,使其在下一回合攻击本方武将	1	70	下一级：魅惑伤害提高至71%，魅惑几率提高至91%	820
5	1	1	42	284	confuse	91	0	对单体造成71%伤害的同时91%几率魅惑目标,使其在下一回合攻击本方武将	1	71	下一级：魅惑伤害提高至72%，魅惑几率提高至92%	840
5	1	1	43	288	confuse	92	0	对单体造成72%伤害的同时92%几率魅惑目标,使其在下一回合攻击本方武将	1	72	下一级：魅惑伤害提高至73%，魅惑几率提高至93%	860
5	1	1	44	292	confuse	93	0	对单体造成73%伤害的同时93%几率魅惑目标,使其在下一回合攻击本方武将	1	73	下一级：魅惑伤害提高至74%，魅惑几率提高至94%	880
5	1	1	45	296	confuse	94	0	对单体造成74%伤害的同时94%几率魅惑目标,使其在下一回合攻击本方武将	1	74	下一级：魅惑伤害提高至75%，魅惑几率提高至95%	900
5	1	1	46	300	confuse	95	0	对单体造成75%伤害的同时95%几率魅惑目标,使其在下一回合攻击本方武将	1	75	下一级：魅惑伤害提高至76%，魅惑几率提高至96%	920
5	1	1	47	304	confuse	96	0	对单体造成76%伤害的同时96%几率魅惑目标,使其在下一回合攻击本方武将	1	76	下一级：魅惑伤害提高至77%，魅惑几率提高至97%	940
5	1	1	48	308	confuse	97	0	对单体造成77%伤害的同时97%几率魅惑目标,使其在下一回合攻击本方武将	1	77	下一级：魅惑伤害提高至78%，魅惑几率提高至98%	960
5	1	1	49	312	confuse	98	0	对单体造成78%伤害的同时98%几率魅惑目标,使其在下一回合攻击本方武将	1	78	下一级：魅惑伤害提高至79%，魅惑几率提高至100%	980
5	1	1	50	316	confuse	100	0	对单体造成79%伤害的同时100%几率魅惑目标,使其在下一回合攻击本方武将	1	79	已升到最高级	1000
5	2	2	1	0	fortitude	50	0	永久提高红颜50点刚毅，刚毅可降低受到暴击的几率			下一级：永久提高红颜100点刚毅	20
5	2	2	2	0	fortitude	100	0	永久提高红颜100点刚毅，刚毅可降低受到暴击的几率			下一级：永久提高红颜150点刚毅	40
5	2	2	3	0	fortitude	150	0	永久提高红颜150点刚毅，刚毅可降低受到暴击的几率			下一级：永久提高红颜200点刚毅	60
5	2	2	4	0	fortitude	200	0	永久提高红颜200点刚毅，刚毅可降低受到暴击的几率			下一级：永久提高红颜250点刚毅	80
5	2	2	5	0	fortitude	250	0	永久提高红颜250点刚毅，刚毅可降低受到暴击的几率			下一级：永久提高红颜300点刚毅	100
5	2	2	6	0	fortitude	300	0	永久提高红颜300点刚毅，刚毅可降低受到暴击的几率			下一级：永久提高红颜350点刚毅	120
5	2	2	7	0	fortitude	350	0	永久提高红颜350点刚毅，刚毅可降低受到暴击的几率			下一级：永久提高红颜400点刚毅	140
5	2	2	8	0	fortitude	400	0	永久提高红颜400点刚毅，刚毅可降低受到暴击的几率			下一级：永久提高红颜450点刚毅	160
5	2	2	9	0	fortitude	450	0	永久提高红颜450点刚毅，刚毅可降低受到暴击的几率			下一级：永久提高红颜500点刚毅	180
5	2	2	10	0	fortitude	500	0	永久提高红颜500点刚毅，刚毅可降低受到暴击的几率			下一级：永久提高红颜550点刚毅	200
5	2	2	11	0	fortitude	550	0	永久提高红颜550点刚毅，刚毅可降低受到暴击的几率			下一级：永久提高红颜600点刚毅	220
5	2	2	12	0	fortitude	600	0	永久提高红颜600点刚毅，刚毅可降低受到暴击的几率			下一级：永久提高红颜650点刚毅	240
5	2	2	13	0	fortitude	650	0	永久提高红颜650点刚毅，刚毅可降低受到暴击的几率			下一级：永久提高红颜700点刚毅	260
5	2	2	14	0	fortitude	700	0	永久提高红颜700点刚毅，刚毅可降低受到暴击的几率			下一级：永久提高红颜750点刚毅	280
5	2	2	15	0	fortitude	750	0	永久提高红颜750点刚毅，刚毅可降低受到暴击的几率			下一级：永久提高红颜800点刚毅	300
5	2	2	16	0	fortitude	800	0	永久提高红颜800点刚毅，刚毅可降低受到暴击的几率			下一级：永久提高红颜850点刚毅	320
5	2	2	17	0	fortitude	850	0	永久提高红颜850点刚毅，刚毅可降低受到暴击的几率			下一级：永久提高红颜900点刚毅	340
5	2	2	18	0	fortitude	900	0	永久提高红颜900点刚毅，刚毅可降低受到暴击的几率			下一级：永久提高红颜950点刚毅	360
5	2	2	19	0	fortitude	950	0	永久提高红颜950点刚毅，刚毅可降低受到暴击的几率			下一级：永久提高红颜1000点刚毅	380
5	2	2	20	0	fortitude	1000	0	永久提高红颜1000点刚毅，刚毅可降低受到暴击的几率			下一级：永久提高红颜1050点刚毅	400
5	2	2	21	0	fortitude	1050	0	永久提高红颜1050点刚毅，刚毅可降低受到暴击的几率			下一级：永久提高红颜1100点刚毅	420
5	2	2	22	0	fortitude	1100	0	永久提高红颜1100点刚毅，刚毅可降低受到暴击的几率			下一级：永久提高红颜1150点刚毅	440
5	2	2	23	0	fortitude	1150	0	永久提高红颜1150点刚毅，刚毅可降低受到暴击的几率			下一级：永久提高红颜1200点刚毅	460
5	2	2	24	0	fortitude	1200	0	永久提高红颜1200点刚毅，刚毅可降低受到暴击的几率			下一级：永久提高红颜1250点刚毅	480
5	2	2	25	0	fortitude	1250	0	永久提高红颜1250点刚毅，刚毅可降低受到暴击的几率			下一级：永久提高红颜1300点刚毅	500
5	2	2	26	0	fortitude	1300	0	永久提高红颜1300点刚毅，刚毅可降低受到暴击的几率			下一级：永久提高红颜1350点刚毅	520
5	2	2	27	0	fortitude	1350	0	永久提高红颜1350点刚毅，刚毅可降低受到暴击的几率			下一级：永久提高红颜1400点刚毅	540
5	2	2	28	0	fortitude	1400	0	永久提高红颜1400点刚毅，刚毅可降低受到暴击的几率			下一级：永久提高红颜1450点刚毅	560
5	2	2	29	0	fortitude	1450	0	永久提高红颜1450点刚毅，刚毅可降低受到暴击的几率			下一级：永久提高红颜1500点刚毅	580
5	2	2	30	0	fortitude	1500	0	永久提高红颜1500点刚毅，刚毅可降低受到暴击的几率			下一级：永久提高红颜1550点刚毅	600
5	2	2	31	0	fortitude	1550	0	永久提高红颜1550点刚毅，刚毅可降低受到暴击的几率			下一级：永久提高红颜1600点刚毅	620
5	2	2	32	0	fortitude	1600	0	永久提高红颜1600点刚毅，刚毅可降低受到暴击的几率			下一级：永久提高红颜1650点刚毅	640
5	2	2	33	0	fortitude	1650	0	永久提高红颜1650点刚毅，刚毅可降低受到暴击的几率			下一级：永久提高红颜1700点刚毅	660
5	2	2	34	0	fortitude	1700	0	永久提高红颜1700点刚毅，刚毅可降低受到暴击的几率			下一级：永久提高红颜1750点刚毅	680
5	2	2	35	0	fortitude	1750	0	永久提高红颜1750点刚毅，刚毅可降低受到暴击的几率			下一级：永久提高红颜1800点刚毅	700
5	2	2	36	0	fortitude	1800	0	永久提高红颜1800点刚毅，刚毅可降低受到暴击的几率			下一级：永久提高红颜1850点刚毅	720
5	2	2	37	0	fortitude	1850	0	永久提高红颜1850点刚毅，刚毅可降低受到暴击的几率			下一级：永久提高红颜1900点刚毅	740
5	2	2	38	0	fortitude	1900	0	永久提高红颜1900点刚毅，刚毅可降低受到暴击的几率			下一级：永久提高红颜1950点刚毅	760
5	2	2	39	0	fortitude	1950	0	永久提高红颜1950点刚毅，刚毅可降低受到暴击的几率			下一级：永久提高红颜2000点刚毅	780
5	2	2	40	0	fortitude	2000	0	永久提高红颜2000点刚毅，刚毅可降低受到暴击的几率			下一级：永久提高红颜2050点刚毅	800
5	2	2	41	0	fortitude	2050	0	永久提高红颜2050点刚毅，刚毅可降低受到暴击的几率			下一级：永久提高红颜2100点刚毅	820
5	2	2	42	0	fortitude	2100	0	永久提高红颜2100点刚毅，刚毅可降低受到暴击的几率			下一级：永久提高红颜2150点刚毅	840
5	2	2	43	0	fortitude	2150	0	永久提高红颜2150点刚毅，刚毅可降低受到暴击的几率			下一级：永久提高红颜2200点刚毅	860
5	2	2	44	0	fortitude	2200	0	永久提高红颜2200点刚毅，刚毅可降低受到暴击的几率			下一级：永久提高红颜2250点刚毅	880
5	2	2	45	0	fortitude	2250	0	永久提高红颜2250点刚毅，刚毅可降低受到暴击的几率			下一级：永久提高红颜2300点刚毅	900
5	2	2	46	0	fortitude	2300	0	永久提高红颜2300点刚毅，刚毅可降低受到暴击的几率			下一级：永久提高红颜2350点刚毅	920
5	2	2	47	0	fortitude	2350	0	永久提高红颜2350点刚毅，刚毅可降低受到暴击的几率			下一级：永久提高红颜2400点刚毅	940
5	2	2	48	0	fortitude	2400	0	永久提高红颜2400点刚毅，刚毅可降低受到暴击的几率			下一级：永久提高红颜2450点刚毅	960
5	2	2	49	0	fortitude	2450	0	永久提高红颜2450点刚毅，刚毅可降低受到暴击的几率			下一级：永久提高红颜2500点刚毅	980
5	2	2	50	0	fortitude	2500	0	永久提高红颜2500点刚毅，刚毅可降低受到暴击的几率			已升到最高级	1000
5	3	1	1	120	health	20	1	移除己方全体负面效果，恢复谋略值20%的兵力		0	下一级：恢复效果提高至21%	20
5	3	1	2	124	health	21	1	移除己方全体负面效果，恢复谋略值21%的兵力		0	下一级：恢复效果提高至22%	40
5	3	1	3	128	health	22	1	移除己方全体负面效果，恢复谋略值22%的兵力		0	下一级：恢复效果提高至23%	60
5	3	1	4	132	health	23	1	移除己方全体负面效果，恢复谋略值23%的兵力		0	下一级：恢复效果提高至24%	80
5	3	1	5	136	health	24	1	移除己方全体负面效果，恢复谋略值24%的兵力		0	下一级：恢复效果提高至25%	100
5	3	1	6	140	health	25	1	移除己方全体负面效果，恢复谋略值25%的兵力		0	下一级：恢复效果提高至26%	120
5	3	1	7	144	health	26	1	移除己方全体负面效果，恢复谋略值26%的兵力		0	下一级：恢复效果提高至27%	140
5	3	1	8	148	health	27	1	移除己方全体负面效果，恢复谋略值27%的兵力		0	下一级：恢复效果提高至28%	160
5	3	1	9	152	health	28	1	移除己方全体负面效果，恢复谋略值28%的兵力		0	下一级：恢复效果提高至29%	180
5	3	1	10	156	health	29	1	移除己方全体负面效果，恢复谋略值29%的兵力		0	下一级：恢复效果提高至30%	200
5	3	1	11	160	health	30	1	移除己方全体负面效果，恢复谋略值30%的兵力		0	下一级：恢复效果提高至31%	220
5	3	1	12	164	health	31	1	移除己方全体负面效果，恢复谋略值31%的兵力		0	下一级：恢复效果提高至32%	240
5	3	1	13	168	health	32	1	移除己方全体负面效果，恢复谋略值32%的兵力		0	下一级：恢复效果提高至33%	260
5	3	1	14	172	health	33	1	移除己方全体负面效果，恢复谋略值33%的兵力		0	下一级：恢复效果提高至34%	280
5	3	1	15	176	health	34	1	移除己方全体负面效果，恢复谋略值34%的兵力		0	下一级：恢复效果提高至35%	300
5	3	1	16	180	health	35	1	移除己方全体负面效果，恢复谋略值35%的兵力		0	下一级：恢复效果提高至36%	320
5	3	1	17	184	health	36	1	移除己方全体负面效果，恢复谋略值36%的兵力		0	下一级：恢复效果提高至37%	340
5	3	1	18	188	health	37	1	移除己方全体负面效果，恢复谋略值37%的兵力		0	下一级：恢复效果提高至38%	360
5	3	1	19	192	health	38	1	移除己方全体负面效果，恢复谋略值38%的兵力		0	下一级：恢复效果提高至39%	380
5	3	1	20	196	health	39	1	移除己方全体负面效果，恢复谋略值39%的兵力		0	下一级：恢复效果提高至40%	400
5	3	1	21	200	health	40	1	移除己方全体负面效果，恢复谋略值40%的兵力		0	下一级：恢复效果提高至41%	420
5	3	1	22	204	health	41	1	移除己方全体负面效果，恢复谋略值41%的兵力		0	下一级：恢复效果提高至42%	440
5	3	1	23	208	health	42	1	移除己方全体负面效果，恢复谋略值42%的兵力		0	下一级：恢复效果提高至43%	460
5	3	1	24	212	health	43	1	移除己方全体负面效果，恢复谋略值43%的兵力		0	下一级：恢复效果提高至44%	480
5	3	1	25	216	health	44	1	移除己方全体负面效果，恢复谋略值44%的兵力		0	下一级：恢复效果提高至45%	500
5	3	1	26	220	health	45	1	移除己方全体负面效果，恢复谋略值45%的兵力		0	下一级：恢复效果提高至46%	520
5	3	1	27	224	health	46	1	移除己方全体负面效果，恢复谋略值46%的兵力		0	下一级：恢复效果提高至47%	540
5	3	1	28	228	health	47	1	移除己方全体负面效果，恢复谋略值47%的兵力		0	下一级：恢复效果提高至48%	560
5	3	1	29	232	health	48	1	移除己方全体负面效果，恢复谋略值48%的兵力		0	下一级：恢复效果提高至49%	580
5	3	1	30	236	health	49	1	移除己方全体负面效果，恢复谋略值49%的兵力		0	下一级：恢复效果提高至50%	600
5	3	1	31	240	health	50	1	移除己方全体负面效果，恢复谋略值50%的兵力		0	下一级：恢复效果提高至51%	620
5	3	1	32	244	health	51	1	移除己方全体负面效果，恢复谋略值51%的兵力		0	下一级：恢复效果提高至52%	640
5	3	1	33	248	health	52	1	移除己方全体负面效果，恢复谋略值52%的兵力		0	下一级：恢复效果提高至53%	660
5	3	1	34	252	health	53	1	移除己方全体负面效果，恢复谋略值53%的兵力		0	下一级：恢复效果提高至54%	680
5	3	1	35	256	health	54	1	移除己方全体负面效果，恢复谋略值54%的兵力		0	下一级：恢复效果提高至55%	700
5	3	1	36	260	health	55	1	移除己方全体负面效果，恢复谋略值55%的兵力		0	下一级：恢复效果提高至56%	720
5	3	1	37	264	health	56	1	移除己方全体负面效果，恢复谋略值56%的兵力		0	下一级：恢复效果提高至57%	740
5	3	1	38	268	health	57	1	移除己方全体负面效果，恢复谋略值57%的兵力		0	下一级：恢复效果提高至58%	760
5	3	1	39	272	health	58	1	移除己方全体负面效果，恢复谋略值58%的兵力		0	下一级：恢复效果提高至59%	780
5	3	1	40	276	health	59	1	移除己方全体负面效果，恢复谋略值59%的兵力		0	下一级：恢复效果提高至60%	800
5	3	1	41	280	health	60	1	移除己方全体负面效果，恢复谋略值60%的兵力		0	下一级：恢复效果提高至61%	820
5	3	1	42	284	health	61	1	移除己方全体负面效果，恢复谋略值61%的兵力		0	下一级：恢复效果提高至62%	840
5	3	1	43	288	health	62	1	移除己方全体负面效果，恢复谋略值62%的兵力		0	下一级：恢复效果提高至63%	860
5	3	1	44	292	health	63	1	移除己方全体负面效果，恢复谋略值63%的兵力		0	下一级：恢复效果提高至64%	880
5	3	1	45	296	health	64	1	移除己方全体负面效果，恢复谋略值64%的兵力		0	下一级：恢复效果提高至65%	900
5	3	1	46	300	health	65	1	移除己方全体负面效果，恢复谋略值65%的兵力		0	下一级：恢复效果提高至66%	920
5	3	1	47	304	health	66	1	移除己方全体负面效果，恢复谋略值66%的兵力		0	下一级：恢复效果提高至67%	940
5	3	1	48	308	health	67	1	移除己方全体负面效果，恢复谋略值67%的兵力		0	下一级：恢复效果提高至68%	960
5	3	1	49	312	health	68	1	移除己方全体负面效果，恢复谋略值68%的兵力		0	下一级：恢复效果提高至69%	980
5	3	1	50	316	health	69	1	移除己方全体负面效果，恢复谋略值69%的兵力		0	已升到最高级	1000
5	4	2	1	0	miss	50	0	永久提高红颜50点闪避，闪避可躲避敌人攻击			下一级：永久提高红颜100点闪避	20
5	4	2	2	0	miss	100	0	永久提高红颜100点闪避，闪避可躲避敌人攻击			下一级：永久提高红颜150点闪避	40
5	4	2	3	0	miss	150	0	永久提高红颜150点闪避，闪避可躲避敌人攻击			下一级：永久提高红颜200点闪避	60
5	4	2	4	0	miss	200	0	永久提高红颜200点闪避，闪避可躲避敌人攻击			下一级：永久提高红颜250点闪避	80
5	4	2	5	0	miss	250	0	永久提高红颜250点闪避，闪避可躲避敌人攻击			下一级：永久提高红颜300点闪避	100
5	4	2	6	0	miss	300	0	永久提高红颜300点闪避，闪避可躲避敌人攻击			下一级：永久提高红颜350点闪避	120
5	4	2	7	0	miss	350	0	永久提高红颜350点闪避，闪避可躲避敌人攻击			下一级：永久提高红颜400点闪避	140
5	4	2	8	0	miss	400	0	永久提高红颜400点闪避，闪避可躲避敌人攻击			下一级：永久提高红颜450点闪避	160
5	4	2	9	0	miss	450	0	永久提高红颜450点闪避，闪避可躲避敌人攻击			下一级：永久提高红颜500点闪避	180
5	4	2	10	0	miss	500	0	永久提高红颜500点闪避，闪避可躲避敌人攻击			下一级：永久提高红颜550点闪避	200
5	4	2	11	0	miss	550	0	永久提高红颜550点闪避，闪避可躲避敌人攻击			下一级：永久提高红颜600点闪避	220
5	4	2	12	0	miss	600	0	永久提高红颜600点闪避，闪避可躲避敌人攻击			下一级：永久提高红颜650点闪避	240
5	4	2	13	0	miss	650	0	永久提高红颜650点闪避，闪避可躲避敌人攻击			下一级：永久提高红颜700点闪避	260
5	4	2	14	0	miss	700	0	永久提高红颜700点闪避，闪避可躲避敌人攻击			下一级：永久提高红颜750点闪避	280
5	4	2	15	0	miss	750	0	永久提高红颜750点闪避，闪避可躲避敌人攻击			下一级：永久提高红颜800点闪避	300
5	4	2	16	0	miss	800	0	永久提高红颜800点闪避，闪避可躲避敌人攻击			下一级：永久提高红颜850点闪避	320
5	4	2	17	0	miss	850	0	永久提高红颜850点闪避，闪避可躲避敌人攻击			下一级：永久提高红颜900点闪避	340
5	4	2	18	0	miss	900	0	永久提高红颜900点闪避，闪避可躲避敌人攻击			下一级：永久提高红颜950点闪避	360
5	4	2	19	0	miss	950	0	永久提高红颜950点闪避，闪避可躲避敌人攻击			下一级：永久提高红颜1000点闪避	380
5	4	2	20	0	miss	1000	0	永久提高红颜1000点闪避，闪避可躲避敌人攻击			下一级：永久提高红颜1050点闪避	400
5	4	2	21	0	miss	1050	0	永久提高红颜1050点闪避，闪避可躲避敌人攻击			下一级：永久提高红颜1100点闪避	420
5	4	2	22	0	miss	1100	0	永久提高红颜1100点闪避，闪避可躲避敌人攻击			下一级：永久提高红颜1150点闪避	440
5	4	2	23	0	miss	1150	0	永久提高红颜1150点闪避，闪避可躲避敌人攻击			下一级：永久提高红颜1200点闪避	460
5	4	2	24	0	miss	1200	0	永久提高红颜1200点闪避，闪避可躲避敌人攻击			下一级：永久提高红颜1250点闪避	480
5	4	2	25	0	miss	1250	0	永久提高红颜1250点闪避，闪避可躲避敌人攻击			下一级：永久提高红颜1300点闪避	500
5	4	2	26	0	miss	1300	0	永久提高红颜1300点闪避，闪避可躲避敌人攻击			下一级：永久提高红颜1350点闪避	520
5	4	2	27	0	miss	1350	0	永久提高红颜1350点闪避，闪避可躲避敌人攻击			下一级：永久提高红颜1400点闪避	540
5	4	2	28	0	miss	1400	0	永久提高红颜1400点闪避，闪避可躲避敌人攻击			下一级：永久提高红颜1450点闪避	560
5	4	2	29	0	miss	1450	0	永久提高红颜1450点闪避，闪避可躲避敌人攻击			下一级：永久提高红颜1500点闪避	580
5	4	2	30	0	miss	1500	0	永久提高红颜1500点闪避，闪避可躲避敌人攻击			下一级：永久提高红颜1550点闪避	600
5	4	2	31	0	miss	1550	0	永久提高红颜1550点闪避，闪避可躲避敌人攻击			下一级：永久提高红颜1600点闪避	620
5	4	2	32	0	miss	1600	0	永久提高红颜1600点闪避，闪避可躲避敌人攻击			下一级：永久提高红颜1650点闪避	640
5	4	2	33	0	miss	1650	0	永久提高红颜1650点闪避，闪避可躲避敌人攻击			下一级：永久提高红颜1700点闪避	660
5	4	2	34	0	miss	1700	0	永久提高红颜1700点闪避，闪避可躲避敌人攻击			下一级：永久提高红颜1750点闪避	680
5	4	2	35	0	miss	1750	0	永久提高红颜1750点闪避，闪避可躲避敌人攻击			下一级：永久提高红颜1800点闪避	700
5	4	2	36	0	miss	1800	0	永久提高红颜1800点闪避，闪避可躲避敌人攻击			下一级：永久提高红颜1850点闪避	720
5	4	2	37	0	miss	1850	0	永久提高红颜1850点闪避，闪避可躲避敌人攻击			下一级：永久提高红颜1900点闪避	740
5	4	2	38	0	miss	1900	0	永久提高红颜1900点闪避，闪避可躲避敌人攻击			下一级：永久提高红颜1950点闪避	760
5	4	2	39	0	miss	1950	0	永久提高红颜1950点闪避，闪避可躲避敌人攻击			下一级：永久提高红颜2000点闪避	780
5	4	2	40	0	miss	2000	0	永久提高红颜2000点闪避，闪避可躲避敌人攻击			下一级：永久提高红颜2050点闪避	800
5	4	2	41	0	miss	2050	0	永久提高红颜2050点闪避，闪避可躲避敌人攻击			下一级：永久提高红颜2100点闪避	820
5	4	2	42	0	miss	2100	0	永久提高红颜2100点闪避，闪避可躲避敌人攻击			下一级：永久提高红颜2150点闪避	840
5	4	2	43	0	miss	2150	0	永久提高红颜2150点闪避，闪避可躲避敌人攻击			下一级：永久提高红颜2200点闪避	860
5	4	2	44	0	miss	2200	0	永久提高红颜2200点闪避，闪避可躲避敌人攻击			下一级：永久提高红颜2250点闪避	880
5	4	2	45	0	miss	2250	0	永久提高红颜2250点闪避，闪避可躲避敌人攻击			下一级：永久提高红颜2300点闪避	900
5	4	2	46	0	miss	2300	0	永久提高红颜2300点闪避，闪避可躲避敌人攻击			下一级：永久提高红颜2350点闪避	920
5	4	2	47	0	miss	2350	0	永久提高红颜2350点闪避，闪避可躲避敌人攻击			下一级：永久提高红颜2400点闪避	940
5	4	2	48	0	miss	2400	0	永久提高红颜2400点闪避，闪避可躲避敌人攻击			下一级：永久提高红颜2450点闪避	960
5	4	2	49	0	miss	2450	0	永久提高红颜2450点闪避，闪避可躲避敌人攻击			下一级：永久提高红颜1250点闪避	980
5	4	2	50	0	miss	2500	0	永久提高红颜2500点闪避，闪避可躲避敌人攻击			已升到最高级	1000
5	5	1	1	120	improveatk	100	1	为己方全体上阵武将加成10%攻击，效果持续1回合	1	0	下一级：加成效果提高至10.5%	20
5	5	1	2	124	improveatk	105	1	为己方全体上阵武将加成10.5%攻击，效果持续1回合	1	0	下一级：加成效果提高至11%	40
5	5	1	3	128	improveatk	110	1	为己方全体上阵武将加成11%攻击，效果持续1回合	1	0	下一级：加成效果提高至11.5%	60
5	5	1	4	132	improveatk	115	1	为己方全体上阵武将加成11.5%攻击，效果持续1回合	1	0	下一级：加成效果提高至12%	80
5	5	1	5	136	improveatk	120	1	为己方全体上阵武将加成12%攻击，效果持续1回合	1	0	下一级：加成效果提高至12.5%	100
5	5	1	6	140	improveatk	125	1	为己方全体上阵武将加成12.5%攻击，效果持续1回合	1	0	下一级：加成效果提高至13%	120
5	5	1	7	144	improveatk	130	1	为己方全体上阵武将加成13%攻击，效果持续1回合	1	0	下一级：加成效果提高至13.5%	140
5	5	1	8	148	improveatk	135	1	为己方全体上阵武将加成13.5%攻击，效果持续1回合	1	0	下一级：加成效果提高至14%	160
5	5	1	9	152	improveatk	140	1	为己方全体上阵武将加成14%攻击，效果持续1回合	1	0	下一级：加成效果提高至14.5%	180
5	5	1	10	156	improveatk	145	1	为己方全体上阵武将加成14.5%攻击，效果持续1回合	1	0	下一级：加成效果提高至15%	200
5	5	1	11	160	improveatk	150	1	为己方全体上阵武将加成15%攻击，效果持续1回合	1	0	下一级：加成效果提高至15.5%	220
5	5	1	12	164	improveatk	155	1	为己方全体上阵武将加成15.5%攻击，效果持续1回合	1	0	下一级：加成效果提高至16%	240
5	5	1	13	168	improveatk	160	1	为己方全体上阵武将加成16%攻击，效果持续1回合	1	0	下一级：加成效果提高至16.5%	260
5	5	1	14	172	improveatk	165	1	为己方全体上阵武将加成16.5%攻击，效果持续1回合	1	0	下一级：加成效果提高至17%	280
5	5	1	15	176	improveatk	170	1	为己方全体上阵武将加成17%攻击，效果持续1回合	1	0	下一级：加成效果提高至17.5%	300
5	5	1	16	180	improveatk	175	1	为己方全体上阵武将加成17.5%攻击，效果持续1回合	1	0	下一级：加成效果提高至18%	320
5	5	1	17	184	improveatk	180	1	为己方全体上阵武将加成18%攻击，效果持续1回合	1	0	下一级：加成效果提高至18.5%	340
5	5	1	18	188	improveatk	185	1	为己方全体上阵武将加成18.5%攻击，效果持续1回合	1	0	下一级：加成效果提高至19%	360
5	5	1	19	192	improveatk	190	1	为己方全体上阵武将加成19%攻击，效果持续1回合	1	0	下一级：加成效果提高至19.5%	380
5	5	1	20	196	improveatk	195	1	为己方全体上阵武将加成19.5%攻击，效果持续1回合	1	0	下一级：加成效果提高至20%	400
5	5	1	21	200	improveatk	200	1	为己方全体上阵武将加成20%攻击，效果持续1回合	1	0	下一级：加成效果提高至20.5%	420
5	5	1	22	204	improveatk	205	1	为己方全体上阵武将加成20.5%攻击，效果持续1回合	1	0	下一级：加成效果提高至21%	440
5	5	1	23	208	improveatk	210	1	为己方全体上阵武将加成21%攻击，效果持续1回合	1	0	下一级：加成效果提高至21.5%	460
5	5	1	24	212	improveatk	215	1	为己方全体上阵武将加成21.5%攻击，效果持续1回合	1	0	下一级：加成效果提高至22%	480
5	5	1	25	216	improveatk	220	1	为己方全体上阵武将加成22%攻击，效果持续1回合	1	0	下一级：加成效果提高至22.5%	500
5	5	1	26	220	improveatk	225	1	为己方全体上阵武将加成22.5%攻击，效果持续1回合	1	0	下一级：加成效果提高至23%	520
5	5	1	27	224	improveatk	230	1	为己方全体上阵武将加成23%攻击，效果持续1回合	1	0	下一级：加成效果提高至23.5%	540
5	5	1	28	228	improveatk	235	1	为己方全体上阵武将加成23.5%攻击，效果持续1回合	1	0	下一级：加成效果提高至24%	560
5	5	1	29	232	improveatk	240	1	为己方全体上阵武将加成24%攻击，效果持续1回合	1	0	下一级：加成效果提高至24.5%	580
5	5	1	30	236	improveatk	245	1	为己方全体上阵武将加成24.5%攻击，效果持续1回合	1	0	下一级：加成效果提高至25%	600
5	5	1	31	240	improveatk	250	1	为己方全体上阵武将加成25%攻击，效果持续1回合	1	0	下一级：加成效果提高至25.5%	620
5	5	1	32	244	improveatk	255	1	为己方全体上阵武将加成25.5%攻击，效果持续1回合	1	0	下一级：加成效果提高至26%	640
5	5	1	33	248	improveatk	260	1	为己方全体上阵武将加成26%攻击，效果持续1回合	1	0	下一级：加成效果提高至26.5%	660
5	5	1	34	252	improveatk	265	1	为己方全体上阵武将加成26.5%攻击，效果持续1回合	1	0	下一级：加成效果提高至27%	680
5	5	1	35	256	improveatk	270	1	为己方全体上阵武将加成27%攻击，效果持续1回合	1	0	下一级：加成效果提高至27.5%	700
5	5	1	36	260	improveatk	275	1	为己方全体上阵武将加成27.5%攻击，效果持续1回合	1	0	下一级：加成效果提高至28%	720
5	5	1	37	264	improveatk	280	1	为己方全体上阵武将加成28%攻击，效果持续1回合	1	0	下一级：加成效果提高至28.5%	740
5	5	1	38	268	improveatk	285	1	为己方全体上阵武将加成28.5%攻击，效果持续1回合	1	0	下一级：加成效果提高至29%	760
5	5	1	39	272	improveatk	290	1	为己方全体上阵武将加成29%攻击，效果持续1回合	1	0	下一级：加成效果提高至29.5%	780
5	5	1	40	276	improveatk	295	1	为己方全体上阵武将加成29.5%攻击，效果持续1回合	1	0	下一级：加成效果提高至30%	800
5	5	1	41	280	improveatk	300	1	为己方全体上阵武将加成30%攻击，效果持续1回合	1	0	下一级：加成效果提高至30.5%	820
5	5	1	42	284	improveatk	305	1	为己方全体上阵武将加成30.5%攻击，效果持续1回合	1	0	下一级：加成效果提高至31%	840
5	5	1	43	288	improveatk	310	1	为己方全体上阵武将加成31%攻击，效果持续1回合	1	0	下一级：加成效果提高至31.5%	860
5	5	1	44	292	improveatk	315	1	为己方全体上阵武将加成31.5%攻击，效果持续1回合	1	0	下一级：加成效果提高至32%	880
5	5	1	45	296	improveatk	320	1	为己方全体上阵武将加成32%攻击，效果持续1回合	1	0	下一级：加成效果提高至32.5%	900
5	5	1	46	300	improveatk	325	1	为己方全体上阵武将加成32.5%攻击，效果持续1回合	1	0	下一级：加成效果提高至33%	920
5	5	1	47	304	improveatk	330	1	为己方全体上阵武将加成33%攻击，效果持续1回合	1	0	下一级：加成效果提高至33.5%	940
5	5	1	48	308	improveatk	335	1	为己方全体上阵武将加成33.5%攻击，效果持续1回合	1	0	下一级：加成效果提高至34%	960
5	5	1	49	312	improveatk	340	1	为己方全体上阵武将加成34%攻击，效果持续1回合	1	0	下一级：加成效果提高至34.5%	980
5	5	1	50	316	improveatk	345	1	为己方全体上阵武将加成34.5%攻击，效果持续1回合	1	0	已升到最高级	1000
0	1001	2	1	120	addatkbydie	15	0	战斗中己方每死一名武将，吕布伤害增加15%	1	0	已升到最高级	10000
0	1002	2	1	120	reducepower	50	0	受诸葛亮技能攻击的敌将士气降低50点，受普通攻击的敌将士气降低100点	1	0	已升到最高级	10000
0	1003	2	1	120	addhealthbydie	20	0	战斗中若洛神死亡，则恢复所有存活武将20%的最大生命值	1	0	已升到最高级	10000
0	1004	2	1	120	reducehealthbydie	45	0	战斗中，关羽对击杀自己的敌将造成关羽最大生命值45%的伤害	1	0	已升到最高级	10000
0	1005	2	1	120	atkbothside	30	0	赵云会从后方出击，额外对目标后方武将造成自身攻击30%的伤害	1	0	已升到最高级	10000
0	1006	2	1	120	absorb	5	0	左慈每次单体攻击时会吸取敌將10%攻击力，群体攻击时吸取敌將5%攻击力	1	0	已升到最高级	10000
0	1007	2	1	120	revive	100	0	华佗死亡后，可随机满血复活一名己方在该回合之前阵亡的队友	1	0	已升到最高级	10000
0	1008	2	1	120	atkup	30	0	童渊攻击力提高30%	1	0	已升到最高级	10000
