关卡编号	战斗幕布	主怪	位置0	位置1	位置2	位置3	位置4	位置5	位置6	位置7	位置8	奖励1	战斗力	士气
Id	Background	Boss	Pos0	Pos1	Pos2	Pos3	Pos4	Pos5	Pos6	Pos7	Pos8	Award1	FightForce	InitPower
1	1	141011								141011	141011	user.soul:4	3450	203
2	1	241012							241012	141012		user.soul:4	3538	206
3	1	341013						341013	141013			user.soul:4	3628	209
4	1	441014					441014	541014				user.soul:4	4058	212
5	1	541015				541015	141015					material.19:4	4214	215
6	1	141016			141016	441016	241010					user.soul:4	5972	218
7	1	241017		241017	541017	141013						user.soul:4	6202	221
8	1	341018	341018	241018	441016							user.soul:4	7017	224
9	1	441019	141019	541019							441019	user.soul:4	7473	227
10	1	541020	241020							541020	241020	material.26:3	8289	230
11	2	141021							141021	241021	441021	user.soul:6	8403	233
12	2	241022						241022	541022	441022		user.soul:6	8571	236
13	2	341023					341023	441023	541023			user.soul:6	8757	239
14	2	441024				441024	441024	141024				user.soul:6	9879	242
15	2	541025			541025	241025	241025	541010				material.19:4	13522	245
16	2	141026		141026	541026	441026	341013					user.soul:6	14183	248
17	2	241027	241027	141027	541027	341016						user.soul:6	14981	251
18	2	341028	141028	441028	141019						341028	user.soul:6	17197	254
19	2	441029	341029	541022						441029	141029	user.soul:6	18178	257
20	2	541030	341025	341010					541030	541030	241030	material.26:3	21601	260
21	3	141031	441013					141031	441031	341031	541028	user.soul:8	23564	263
22	3	241032					241032	441032	441032	341031	341016	user.soul:8	26357	266
23	3	341033				341033	541033	241033	441033	241019		user.soul:8	28519	269
24	3	441034			441034	341034	341034	441034	241022			user.soul:8	29845	272
25	3	541035		541035	341035	141035	141035	141025	441010			material.19:4	33978	275
26	3	141036	141036	241036	441036	141036	141028	141013				user.soul:8	37948	278
27	3	241037	541037	241037	141037	341031	541016				241037	user.soul:8	39885	281
28	3	341038	141038	141038	541034	541019				341038	241038	user.soul:8	43442	284
29	4	441039	441039	541037	341022				441039	341039	141039	user.soul:8	46040	287
30	4	541040	141040	141025	141010			541040	541040	341040	441040	material.26:3	56320	290
31	4	141041	341028	141013			141041	241041	541041	441041	441043	user.soul:10	59224	293
32	4	241042	541016			241042	241042	441042	241042	541042	241031	user.soul:10	61780	296
33	4	341043			341043	141043	541043	441043	141043	441034	241019	user.soul:10	64638	299
34	4	441044		441044	441044	241044	341044	541044	541037	441022		user.soul:10	68327	302
35	4	541045	541045	541045	141045	341045	141045	241040	341025			material.19:4	74985	305
36	4	141046	441046	341046	341046	141046	541043	241028			141046	user.soul:10	80142	308
37	4	241047	341047	541047	441047	141046	441031			241047	541047	user.soul:10	85303	311
38	4	341048	141048	541048	441048	141034			341048	141048	141048	user.soul:10	89499	314
39	4	441049	541049	241049	441037			441049	441049	341049	141049	user.soul:10	94063	317
40	4	541050	541050	541040			541050	441050	341050	441050	441050	material.26:3	99576	320
41	4	141051	441043			141051	541051	441051	541051	441051	541051	user.soul:12	104722	323
42	4	241052			241052	141052	141052	541052	241052	541052	441046	user.soul:12	109354	326
43	4	341053		341053	241053	141053	241053	341053	441053	141049		user.soul:12	116368	329
44	4	441054	441054	241054	141054	541054	141054	541054	141052			user.soul:12	120451	332
45	4	541055	141055	141055	441055	441055	341055	141055			541055	material.19:5	130942	335
46	4	141056	341056	541056	441056	541056	241056			141056	141056	user.soul:12	138516	338
47	5	241057	541057	441057	341057	341057			241057	241057	141057	user.soul:12	141890	341
48	5	341058	241058	441058	341058			341058	541058	541058	541058	user.soul:12	144956	344
49	5	441059	541059	541059			441059	141059	441059	441059	141059	user.soul:12	152600	347
50	5	541060	441060			541060	541060	341060	341060	341060	241060	material.26:4	163142	350
51	5	141061			141061	541061	441061	441061	141061	541061	141061	user.soul:14	169050	353
52	5	341063	341063	541063	541063	141063	241063	341063	441063			user.soul:14	177695	356
53	5	441064	241064	541064	541064	541064	141064	541064			441064	user.soul:14	187306	359
54	5	541065	541065	341065	441065	241065	241065			541065	541065	user.soul:14	198149	362
55	5	141066	541066	241066	141066	241066			141066	141066	241066	material.19:5	206024	365
56	5	341068	541068	441068			341068	441068	541068	441068	441068	user.soul:14	219506	368
57	5	441069	541069			441069	341069	541069	141069	241069	241069	user.soul:14	232260	371
58	5	541070			541070	441070	441070	341070	341070	441070	241070	user.soul:14	251944	374
59	5	141071		141071	141071	441071	241071	241071	341071	241071		user.soul:14	261492	377
60	5	341073	541073	241073	341073	241073	241073	541073			341073	material.26:4	274106	380
61	5	441074	141074	241074	541074	141074	441074			441074	241074	user.soul:16	291690	383
62	1	541075	341075	441075	341075	141075			541075	241075	141075	user.soul:16	310184	386
63	1	141076	241076	341076	241076			141076	541076	441076	141076	user.soul:16	324926	389
64	1	341078	241078			341078	241078	241078	441078	341078	241078	user.soul:16	340354	392
65	1	441079			441079	441079	141079	341079	441079	241079	441079	material.19:5	361956	395
66	1	541080		541080	441080	541080	541080	141080	241080	141080		user.soul:16	390852	398
67	1	141081	141081	241081	441081	441081	141081	341081	141081			user.soul:16	403431	401
68	1	341083	241083	241083	141083	241083	441083			341083	541083	user.soul:16	424053	404
69	1	441084	241084	541084	441084	241084			441084	441084	141084	user.soul:16	452683	407
70	1	541085	241085	541085	241085			541085	241085	141085	141085	material.26:4	485667	410
71	1	141086	441086	141086			141086	341086	541086	541086	141086	user.soul:18	510937	413
72	1	341088			341088	241088	441088	541088	341088	541088	241088	user.soul:18	536277	416
73	1	441089		441089	241089	141089	441089	441089	441089	441089		user.soul:18	577500	419
74	1	541090	541090	441090	141090	141090	141090	241090	241090			user.soul:18	627165	422
75	1	141091	241091	541091	541091	441091	141091	441091			141091	material.19:5	646625	425
76	2	341093	241093	341093	541093	441093			341093	341093	141093	user.soul:18	674065	428
77	2	441094	341094	541094	141094			441094	541094	141094	441094	user.soul:18	732998	431
78	2	541095	241095	241095			541095	341095	341095	241095	441095	user.soul:18	790083	434
79	2	141096	541096			141096	341096	341096	541096	141096	341096	user.soul:18	828688	437
80	2	341098		341098	441098	541098	541098	241098	241098	241098		material.26:4	866754	440
81	2	441099	441099	541099	241099	441099	441099	141099	541099			user.soul:20	938119	443
82	2	541100	241100	341100	341100	241100	541100	441100			541100	user.soul:20	1022728	446
83	2	141101	441101	241101	241101	241101	541101			141101	341101	user.soul:20	1059919	449
84	2	341103	541103	341103	141103			341103	541103	241103	441103	user.soul:20	1095437	452
85	2	441104	541104	141104			441104	441104	441104	541104	341104	material.19:6	1208543	455
86	2	541105	141105			541105	441105	141105	441105	341105	141105	user.soul:20	1321215	458
87	2	141106			141106	541106	541106	341106	241106	341106	441106	user.soul:20	1380274	461
88	2	341108	341108	141108	441108	541108	541108	141108	241108			user.soul:20	1426600	464
89	2	441109	341109	541109	541109	441109	241109	241109			441109	user.soul:20	1557080	467
90	2	541110	541110	241110	541110	541110	541110			541110	341110	material.26:5	1729798	470
91	3	141111	141111	541111	241111	441111	441111	141111	541111			user.soul:22	1754809	473
92	3	341112	241112	341112	341112	241112	541112	441112			541112	user.soul:22	1797229	476
93	3	441113	441113	241113	441113	241113	541113			141113	341101	user.soul:22	1828617	479
94	3	541114	541114	341114	141114			541114	541114	241114	441114	user.soul:22	2027662	482
95	4	341115	541115	141115			441115	441115	341115	541115	341115	material.19:6	2091425	485
96	4	441116	141116			541116	441116	141116	441116	441116	141116	user.soul:22	2131808	488
97	4	541117			141117	541117	541117	341117	241117	341117	541117	user.soul:22	2166178	491
98	4	341118	341118	141118	441118	541118	541118	141118	241118			user.soul:22	2206547	494
99	5	441119	341119	441119	541119	441119	241119	241119			441119	user.soul:22	2234064	497
100	5	541120	541120	241120	541120	541120	541120			541120	341120	material.26:5	2292346	500
